854239
0,0.06543315947055817,0.9803299492385786	4,0.06212532892823219,0.980885152284264	3,0.06142548471689224,0.9802506345177665	1,0.05160338804125786,0.9829473350253807	5,0.044134534895420074,0.9855647208121827	6,0.033703479915857315,0.9919892131979695	2,0.02831510454416275,0.9923857868020305	8,0.02255946770310402,0.9950824873096447	7,0.022093189880251884,0.9950031725888325	9,0.02198021486401558,0.9947643979057592	10,0.01683138683438301,0.9959138187221397	
90318
1,0.07991909980773926,0.9828519855595668	3,0.07433276623487473,0.9889891696750902	4,0.07404539734125137,0.9857400722021661	2,0.0735115185379982,0.9848375451263538	5,0.07009533792734146,0.990072202166065	0,0.06800274550914764,0.9884476534296028	6,0.061481915414333344,0.9916967509025271	7,0.061174530535936356,0.9915162454873646	8,0.045216310769319534,0.9942660550458715	9,0.04487719386816025,0.994739918176505	
84195
5,0.3424505889415741,0.954248366013072	6,0.3227543234825134,0.954248366013072	7,0.3203403949737549,0.954248366013072	4,0.30897387862205505,0.954248366013072	0,0.3047236502170563,0.954248366013072	1,0.2950782775878906,0.954248366013072	2,0.2935336232185364,0.954248366013072	3,0.28378427028656006,0.954248366013072	
90251
3,0.5996707677841187,0.7816362566215421	4,0.4699411392211914,0.8204826368452031	5,0.4568529427051544,0.8334314302530901	1,0.3951604664325714,0.861094761624485	0,0.37487220764160156,0.872277810476751	2,0.3715353012084961,0.8734549735138316	6,0.35387343168258667,0.8840494408475574	
8466
3,1.5056700706481934,0.47332185886402756	0,1.009919285774231,0.7544463568559954	1,0.7720564603805542,0.7991967871485943	2,0.6612788438796997,0.8307515777395296	4,0.6495658159255981,0.8399311531841652	5,0.6116663813591003,0.8588640275387264	
854232
10,0.058939676731824875,0.9949141767323586	7,0.05814064294099808,0.9955583756345178	6,0.057153549045324326,0.9955583756345178	5,0.05068438500165939,0.995241116751269	8,0.05016995966434479,0.9955583756345178	9,0.049418848007917404,0.9949238578680203	4,0.045288924127817154,0.9955583756345178	3,0.04500087723135948,0.9949238578680203	2,0.04311085864901543,0.9961928934010152	0,0.03996090218424797,0.995241116751269	1,0.037879444658756256,0.9958756345177665	
90289
3,0.9621493816375732,0.75	5,0.8498342633247375,0.75	0,0.8137530088424683,0.75	4,0.7797099351882935,0.75	2,0.7490082383155823,0.71875	1,0.7090070843696594,0.6875	
90328
4,0.12044719606637955,0.9690660321237359	1,0.11505378782749176,0.9726353361094586	0,0.1061529666185379,0.9747174301011303	3,0.10566943883895874,0.9747174301011303	2,0.10226543992757797,0.9753123140987507	5,0.1003933697938919,0.9741225461035098	6,0.09309060871601105,0.9770969660916121	7,0.08671101927757263,0.9773944080904223	8,0.07120999693870544,0.978319783197832	9,0.07068531960248947,0.9789569990850869	
84839
3,0.2615087628364563,0.9775216138328531	0,0.09094032645225525,0.9775216138328531	1,0.05393911525607109,0.9838616714697407	4,0.015573186799883842,0.9936599423631124	5,0.004033947829157114,0.9994236311239193	2,0.0033400184474885464,0.9988472622478386	
90271
4,0.08624351769685745,0.9865125240847784	0,0.07799083739519119,0.9865125240847784	6,0.07645081728696823,0.9865125240847784	5,0.07583358138799667,0.9865125240847784	7,0.07157057523727417,0.9865125240847784	1,0.0706913098692894,0.9865125240847784	2,0.06301610171794891,0.9884393063583815	3,0.06095124036073685,0.9884393063583815	
8487
3,0.04764515534043312,0.9941763727121464	0,0.00219603325240314,0.9983361064891847	1,0.0019438710296526551,0.9991680532445923	2,0.0016166366403922439,0.9991680532445923	4,0.0014906245050951838,1.0	5,0.0006893014651723206,1.0	
84122
0,0.31477785110473633,0.8966887417218543	3,0.284646213054657,0.9311258278145695	4,0.15783846378326416,0.9682119205298013	2,0.15361617505550385,0.9668874172185431	1,0.1442086398601532,0.9668874172185431	6,0.13951720297336578,0.9735099337748344	5,0.1316177248954773,0.976158940397351	
84812
3,0.2815510630607605,0.8787023977433004	0,0.09840738773345947,0.9633286318758815	1,0.037458911538124084,0.9823695345557123	2,0.03439205139875412,0.9873060648801129	4,0.03233707696199417,0.9866008462623413	5,0.026819096878170967,0.9873060648801129	
84123
3,0.5051646828651428,0.7802547770700637	4,0.16063940525054932,0.9681528662420382	6,0.1566166877746582,0.9681528662420382	2,0.1559738963842392,0.964968152866242	5,0.15531781315803528,0.9681528662420382	0,0.14406445622444153,0.964968152866242	1,0.13800810277462006,0.9681528662420382	
90012
3,0.1881961226463318,0.9696048632218845	4,0.02709430269896984,0.9924012158054711	2,0.011799701489508152,0.9969604863221885	7,0.0036024972796440125,0.9984802431610942	6,0.002961185062304139,0.9984802431610942	0,0.0023829322308301926,0.9984802431610942	1,0.00128332304302603,0.9984802431610942	5,0.0010708068730309606,1.0	
8517623
0,0.4799988865852356,0.8704784130688448	1,0.20474112033843994,0.9498249708284714	3,0.20305511355400085,0.9474912485414235	7,0.19033275544643402,0.9509918319719953	6,0.17387913167476654,0.9603267211201867	5,0.15664039552211761,0.9638273045507585	2,0.15067721903324127,0.969661610268378	4,0.14927063882350922,0.9638273045507585	9,0.03479865938425064,0.9888682745825603	8,0.03311757370829582,0.987012987012987	
84141
1,0.5051911473274231,0.8389662027833003	3,0.44912269711494446,0.9304174950298211	0,0.2733568549156189,0.9463220675944334	2,0.23173564672470093,0.9463220675944334	4,0.2059004306793213,0.9662027833001988	6,0.1935105174779892,0.9662027833001988	5,0.18298359215259552,0.9642147117296223	
854231
1,0.31616300344467163,0.8776440785307157	0,0.2392379641532898,0.9126029132362254	2,0.14206941425800323,0.9464217859404687	3,0.07987004518508911,0.9827739075364155	4,0.06815911829471588,0.9848005066497784	6,0.05404430627822876,0.986700443318556	5,0.052366115152835846,0.9856871437618746	8,0.038671281188726425,0.9912602913236226	7,0.03800109028816223,0.9921469284357188	9,0.03624971583485603,0.9926517167110097	10,0.033613696694374084,0.9938542581211589	
84807
7,0.3182883560657501,0.8790560471976401	3,0.1841306984424591,0.9306784660766961	4,0.14194869995117188,0.9424778761061947	6,0.13219189643859863,0.9469026548672567	2,0.12760721147060394,0.9469026548672567	5,0.12680473923683167,0.9513274336283186	1,0.1267871856689453,0.9469026548672567	0,0.12244062125682831,0.948377581120944	
90278
3,0.1986553817987442,0.9453658536585365	0,0.19187240302562714,0.9648780487804878	1,0.18324591219425201,0.9668292682926829	5,0.16382460296154022,0.968780487804878	6,0.16341093182563782,0.9717073170731707	2,0.16317032277584076,0.9707317073170731	7,0.16175197064876556,0.9717073170731707	4,0.13793550431728363,0.9678048780487805	
85369
4,0.8055533766746521,0.6981499513145083	3,0.759971022605896,0.6936059720869847	0,0.19097399711608887,0.9331385913664395	5,0.17363154888153076,0.9415774099318404	1,0.13182157278060913,0.9561830574488802	2,0.1318047195672989,0.9535864978902954	6,0.1195409968495369,0.958455047062642	7,0.060204096138477325,0.9762557077625571	8,0.05380614474415779,0.9770431588613406	
84715
0,0.2629743814468384,0.9025215252152522	2,0.12721200287342072,0.9640221402214022	4,0.11690147966146469,0.9763222632226323	3,0.11180313676595688,0.9674046740467405	1,0.09851354360580444,0.97539975399754	5,0.08816647529602051,0.9824723247232472	8,0.08562064915895462,0.9818573185731857	7,0.08271300047636032,0.9818573185731857	6,0.08234225958585739,0.9824723247232472	
8538
3,0.1228528767824173,0.9724254361283061	1,0.1025652214884758,0.9662352279122116	0,0.07324575632810593,0.9774901519414744	2,0.061031945049762726,0.9786156443444006	4,0.04971573129296303,0.9825548677546426	6,0.04488492012023926,0.9821958456973294	5,0.04464370384812355,0.9853685987619584	7,0.02326580509543419,0.9940298507462687	
85322
3,0.979275107383728,0.7016224772457459	4,0.8676589131355286,0.7368421052631579	2,0.27256539463996887,0.9070043529877325	0,0.1018645167350769,0.9798179659675504	5,0.09727277606725693,0.9782350613375544	6,0.08064614981412888,0.9829837752275425	1,0.07306619733572006,0.9849624060150376	
84439
3,1.5098260641098022,0.755079006772009	0,0.8306084275245667,0.8002257336343115	1,0.25217193365097046,0.9373589164785553	4,0.22161972522735596,0.9475169300225733	5,0.18392732739448547,0.9604966139954854	2,0.17766696214675903,0.9571106094808126	
90262
0,0.44983211159706116,0.8439736616089322	1,0.36917150020599365,0.8728886344116805	2,0.2757044732570648,0.905811623246493	3,0.26198703050613403,0.9138276553106213	4,0.1961701363325119,0.9401660463784712	5,0.17864222824573517,0.960492413398225	6,0.1676776260137558,0.9633552819925565	
9002
3,1.781496286392212,0.5589697243560777	0,0.4506456255912781,0.903298689561681	1,0.32132378220558167,0.9258924536827835	2,0.31840085983276367,0.9286037053773158	5,0.283875435590744,0.9403524627202892	4,0.27225276827812195,0.9394487121554451	6,0.2713868021965027,0.9421599638499774	7,0.20228369534015656,0.9519427402862985	8,0.19191981852054596,0.9548717948717949	
84798
1,0.48934152722358704,0.8725402504472272	4,0.4362603724002838,0.8658318425760286	2,0.4220929741859436,0.8872987477638641	3,0.4086545407772064,0.8864042933810375	0,0.3664719760417938,0.9074239713774598	5,0.2824513018131256,0.9194991055456172	6,0.2737911343574524,0.9253130590339893	
9001909
3,0.31525659561157227,0.928513731825525	1,0.06341324746608734,0.9789983844911146	0,0.05439101904630661,0.9842487883683361	2,0.045717012137174606,0.9858642972536349	4,0.04510621353983879,0.9858642972536349	5,0.03444424644112587,0.9903069466882067	6,0.03148437663912773,0.9919224555735057	7,0.025710849091410637,0.9923263327948304	9,0.022473497316241264,0.9938195302843016	8,0.018375203013420105,0.9950556242274413	
844331
3,0.9965779185295105,0.6473029045643154	4,0.16922801733016968,0.9369294605809129	2,0.02560587227344513,0.9925311203319502	5,0.02407824993133545,0.995850622406639	6,0.016221892088651657,0.9975103734439834	1,0.010027208365499973,0.9975103734439834	0,0.009888755157589912,0.9983402489626556	
9013803
4,1.1013963222503662,0.7112369337979094	5,0.5409650206565857,0.8222996515679443	3,0.2972013056278229,0.9242160278745645	2,0.22617313265800476,0.9394599303135889	1,0.19262322783470154,0.9564459930313589	6,0.1913808137178421,0.9525261324041812	8,0.17821010947227478,0.9581881533101045	0,0.17068898677825928,0.960801393728223	7,0.14614200592041016,0.9647212543554007	
854233
0,0.14063766598701477,0.9622037155669443	1,0.08539839833974838,0.9705317104420244	6,0.07424698770046234,0.9833440102498399	3,0.05804502218961716,0.9846252402306214	4,0.05153853818774223,0.9865470852017937	5,0.041538387537002563,0.9871877001921845	10,0.04099583998322487,0.990625	7,0.040241047739982605,0.9903907751441384	2,0.039199527353048325,0.9916720051249199	9,0.03629568964242935,0.9929532351057014	8,0.03399031609296799,0.9929532351057014	
8481803
3,0.27405571937561035,0.9617903930131004	0,0.14140518009662628,0.9770742358078602	4,0.038839247077703476,0.9945414847161572	1,0.037382517009973526,0.9956331877729258	5,0.03482146933674812,0.9978165938864629	2,0.03240163251757622,0.9978165938864629	
84502
3,0.46275097131729126,0.875	1,0.39062368869781494,0.9375	2,0.3639918267726898,0.9375	5,0.3517458438873291,0.875	0,0.34385043382644653,0.9375	6,0.33744820952415466,0.875	4,0.32084357738494873,0.9375	7,0.3032580018043518,0.9375	
85158
3,0.32635775208473206,0.9375	4,0.27379339933395386,0.9375	5,0.25577330589294434,0.9375	1,0.21914836764335632,0.9375	2,0.21538740396499634,0.9375	0,0.20996373891830444,0.9375	
84821
3,2.051525115966797,0.6582381729200653	2,0.7243050932884216,0.7373572593800979	0,0.2435188740491867,0.9282218597063622	4,0.12351413816213608,0.968189233278956	5,0.11433999985456467,0.9755301794453507	1,0.11207728832960129,0.9608482871125612	
85044099
3,0.6358376145362854,0.9343629343629344	1,0.2838025391101837,0.9478764478764479	4,0.2553422152996063,0.9691119691119691	5,0.22485195100307465,0.9768339768339769	6,0.22371338307857513,0.974903474903475	0,0.2208763211965561,0.9633204633204633	8,0.18406276404857635,0.9855769230769231	2,0.18268892168998718,0.9691119691119691	7,0.1735948622226715,0.9856459330143541	
84621
5,0.6673212647438049,0.5625	4,0.585707426071167,0.625	3,0.5116631984710693,0.78125	7,0.5076251029968262,0.71875	6,0.5060781240463257,0.75	2,0.5059980154037476,0.75	0,0.5032745599746704,0.75	1,0.501237154006958,0.75	
90314
4,0.20906345546245575,0.9357231149567367	0,0.19606056809425354,0.9437577255871447	1,0.16494078934192657,0.9480840543881335	3,0.16400358080863953,0.9394313967861557	2,0.15293951332569122,0.9499381953028431	5,0.14473508298397064,0.9530284301606922	6,0.13823792338371277,0.9585908529048207	
84799
3,0.29415687918663025,0.9780645161290322	5,0.14840814471244812,0.9896774193548387	4,0.14352138340473175,0.9896774193548387	0,0.1051357239484787,0.9883870967741936	2,0.07765328884124756,0.9922580645161291	1,0.06651072949171066,0.9896774193548387	
90312
6,0.4705529510974884,0.90625	4,0.46782806515693665,0.90625	5,0.46038416028022766,0.90625	0,0.4123009443283081,0.90625	1,0.37959176301956177,0.90625	3,0.3772742748260498,0.90625	2,0.3648144006729126,0.90625	
8421999
4,0.19144044816493988,0.913946587537092	5,0.03458675369620323,0.9960435212660732	6,0.02049957774579525,0.9970326409495549	7,0.02006547339260578,0.9970326409495549	1,0.01844947412610054,0.9980217606330366	2,0.018333954736590385,0.9970326409495549	0,0.01822609081864357,0.9980217606330366	3,0.01654897816479206,0.9970326409495549	
90319
3,0.024958444759249687,0.9977585654819084	1,0.02356281504034996,0.9916746717899456	4,0.019442740827798843,0.9987191802753762	2,0.01677350141108036,0.9958373358949728	5,0.010874134488403797,0.9990393852065321	0,0.01022174023091793,0.9987191802753762	6,0.0038774339482188225,0.9988888888888889	7,0.0018661422654986382,0.998876404494382	
84133
4,0.5252863764762878,0.7953125	3,0.47843727469444275,0.8375	0,0.47820529341697693,0.8859375	1,0.20060864090919495,0.946875	5,0.19753126800060272,0.940625	2,0.17101500928401947,0.953125	6,0.14807190001010895,0.959375	
84149
3,1.2128221988677979,0.7824427480916031	1,0.22395531833171844,0.9494274809160306	2,0.21349529922008514,0.9494274809160306	0,0.19450920820236206,0.9532442748091603	4,0.1792023777961731,0.9685114503816794	5,0.17320051789283752,0.9666030534351145	6,0.1598445624113083,0.9704198473282443	
84143
3,1.635771632194519,0.5533596837944664	5,0.8839259743690491,0.8003952569169961	4,0.715153694152832,0.7944664031620553	6,0.579592227935791,0.8656126482213439	2,0.44043225049972534,0.8913043478260869	7,0.42325109243392944,0.9169960474308301	0,0.38751718401908875,0.9169960474308301	1,0.3797297775745392,0.9150197628458498	
84713
0,0.2680637538433075,0.9035486806187443	1,0.010866180062294006,0.9954504094631483	4,0.0035453499294817448,0.9987867758568395	3,0.0030520549044013023,0.9990900818926297	2,0.002703932346776128,0.9987867758568395	5,0.0005105009186081588,1.0	6,0.000407137384172529,1.0	
85076
3,0.31044915318489075,0.94375	4,0.23725247383117676,0.95625	5,0.19059932231903076,0.96875	6,0.16094206273555756,0.975	0,0.157198965549469,0.96875	7,0.11786236613988876,0.975	1,0.11774319410324097,0.96875	9,0.11715970188379288,0.96875	2,0.10952086746692657,0.98125	8,0.08242833614349365,0.96875	
8534
3,1.4020024538040161,0.6655386350817822	2,0.8575921058654785,0.6802030456852792	1,0.02592449076473713,0.9921037789058094	6,0.021184364333748817,0.9971719457013575	4,0.02037489227950573,0.9971799210377891	5,0.020059917122125626,0.9971799210377891	0,0.018618449568748474,0.9977439368302312	
8429521
3,0.18676897883415222,0.9636363636363636	2,0.09867484122514725,0.9636363636363636	7,0.08973927795886993,0.9983471074380166	8,0.0896439403295517,0.9983471074380166	6,0.08958922326564789,0.9983471074380166	10,0.08895660191774368,0.9983471074380166	9,0.08827832341194153,0.9983471074380166	0,0.07878507673740387,0.9983471074380166	4,0.07491060346364975,0.9983471074380166	1,0.07171238958835602,0.9983471074380166	5,0.06703691929578781,0.9983471074380166	
84863
4,1.5210822820663452,0.6164383561643836	1,1.4813566207885742,0.6301369863013698	2,1.4704761505126953,0.6301369863013698	0,1.467980146408081,0.6164383561643836	3,1.4676717519760132,0.6301369863013698	5,1.444506049156189,0.6164383561643836	6,1.4386382102966309,0.6164383561643836	
840991
0,0.30345800518989563,0.926923076923077	5,0.1491176337003708,0.9826923076923076	6,0.12213759124279022,0.9865384615384616	4,0.10060318559408188,0.9884615384615385	3,0.09978098422288895,0.9871794871794872	1,0.09834758192300797,0.9794871794871794	2,0.07228264212608337,0.9884615384615385	
8481802
3,0.4209563732147217,0.8599439775910365	4,0.3918951749801636,0.8557422969187675	0,0.23670201003551483,0.9845938375350141	1,0.21208390593528748,0.9873949579831933	2,0.20402154326438904,0.9873949579831933	5,0.20195768773555756,0.9859943977591037	6,0.19192086160182953,0.9873949579831933	
90014
4,0.6007169485092163,0.75	5,0.5028157234191895,0.78125	0,0.4404762387275696,0.78125	3,0.3887762427330017,0.75	6,0.38769933581352234,0.84375	1,0.38591164350509644,0.78125	8,0.36983180046081543,0.8125	2,0.3278036117553711,0.84375	7,0.32066476345062256,0.8125	
90309
3,0.2976369857788086,0.9443488238668961	4,0.09771142899990082,0.9827882960413081	5,0.07715191692113876,0.9856569133677567	0,0.06668355315923691,0.9885255306942053	2,0.06634346395730972,0.9839357429718876	1,0.0583239309489727,0.9890992541594952	
8517629
4,0.17403943836688995,0.9436152570480929	0,0.060369014739990234,0.9850746268656716	3,0.05675072595477104,0.988391376451078	5,0.054528988897800446,0.9800995024875622	7,0.032778769731521606,0.9917081260364843	6,0.03006320632994175,0.9917081260364843	2,0.028824297711253166,0.9950248756218906	1,0.02399667166173458,0.9933665008291874	8,0.0007051510619930923,1.0	9,0.0006130202091298997,1.0	
90329
3,0.5690430402755737,0.9517313746065058	4,0.08424800634384155,0.9905561385099685	5,0.08287924528121948,0.9895068205666316	1,0.07763759791851044,0.9884575026232949	0,0.07419214397668839,0.9905561385099685	7,0.07014474272727966,0.9932432432432432	2,0.0677112489938736,0.9895068205666316	6,0.06706087291240692,0.9932885906040269	
9003
2,0.9793505072593689,0.6718204488778055	3,0.9532015323638916,0.6374064837905237	0,0.19992592930793762,0.9276807980049875	1,0.0781591460108757,0.9795511221945137	4,0.062591053545475,0.9825436408977556	5,0.05506381392478943,0.9850374064837906	6,0.008010180667042732,0.9977641140301845	7,0.005295107141137123,0.9977515458122541	
84136
5,0.92584627866745,0.749618320610687	3,0.7631480693817139,0.8061068702290076	0,0.739131510257721,0.8244274809160306	2,0.7254709005355835,0.8229007633587786	4,0.6857678890228271,0.8458015267175573	6,0.5995213389396667,0.8610687022900764	1,0.5878047347068787,0.8610687022900764	7,0.5676792860031128,0.8763358778625954	
90139
3,1.3051478862762451,0.6003016591251885	2,0.2741681933403015,0.9140271493212669	0,0.17825555801391602,0.9547511312217195	4,0.17759010195732117,0.9547511312217195	5,0.1690981537103653,0.9607843137254902	1,0.16734908521175385,0.951734539969834	
85412
3,1.0076649188995361,0.819068255687974	2,0.3763021230697632,0.8526543878656555	1,0.23863272368907928,0.9019501625135428	4,0.12773767113685608,0.9658721560130011	7,0.12401293218135834,0.974169741697417	0,0.11412510275840759,0.9707475622968581	6,0.10833572596311569,0.9761029411764706	5,0.0942295491695404,0.9772481040086674	
842129
3,0.2970244288444519,0.9504761904761905	4,0.24381904304027557,0.9752380952380952	6,0.21803376078605652,0.9695238095238096	7,0.20677734911441803,0.979047619047619	0,0.2031792551279068,0.9809523809523809	1,0.197979137301445,0.9809523809523809	2,0.1923363208770752,0.9809523809523809	8,0.18824060261249542,0.9828571428571429	5,0.15988145768642426,0.979047619047619	
9033
1,0.06819456815719604,0.9910714285714286	2,0.058096058666706085,0.9910714285714286	3,0.05670711770653725,0.9910714285714286	4,0.05350527539849281,0.9910714285714286	5,0.051442619413137436,0.9910714285714286	0,0.05071102827787399,0.9910714285714286	7,0.005602218210697174,1.0	6,0.0049411579966545105,1.0	
85015
3,1.3833556175231934,0.6124401913875598	2,1.1308956146240234,0.65311004784689	4,0.8801231980323792,0.7655502392344498	0,0.8553168177604675,0.8014354066985646	1,0.8360992670059204,0.784688995215311	5,0.6484844088554382,0.8205741626794258	6,0.5619940757751465,0.8652482269503546	7,0.5467607378959656,0.8439716312056738	
9023
3,0.14545562863349915,0.9920212765957447	2,0.12126082181930542,0.9920212765957447	0,0.10875473916530609,0.9920212765957447	5,0.09467756003141403,0.9946808510638298	4,0.09441610425710678,0.9946808510638298	1,0.09038549661636353,0.9946808510638298	
8431
3,1.6256954669952393,0.4805460750853242	2,0.47144535183906555,0.875085324232082	1,0.31494179368019104,0.9290102389078498	4,0.31075578927993774,0.931740614334471	0,0.3054767847061157,0.926962457337884	5,0.29963502287864685,0.9372013651877134	
9004
3,0.6200055480003357,0.7318202871699862	4,0.07278087735176086,0.9879573876794813	0,0.06407666206359863,0.9791570171375636	2,0.04714982584118843,0.9851783232978231	5,0.0402192585170269,0.9944418712366836	1,0.03764929994940758,0.9884205650764243	6,0.03400978818535805,0.9962945808244558	8,0.0027722844388335943,0.9994026284348865	7,0.0021298001520335674,0.9994128009395185	
84137
6,0.5129265785217285,0.8908629441624365	5,0.40636488795280457,0.9289340101522843	7,0.2936170697212219,0.9543147208121827	4,0.2816029489040375,0.9568527918781726	0,0.2739331126213074,0.9441624365482234	8,0.2707776725292206,0.9644670050761421	3,0.2504827678203583,0.9593908629441624	1,0.23862482607364655,0.9619289340101523	2,0.2382591962814331,0.9619289340101523	
90181
3,0.7893725633621216,0.7491166077738516	4,0.27349919080734253,0.9355123674911661	2,0.20875316858291626,0.941696113074205	7,0.20202338695526123,0.9593639575971732	5,0.19973255693912506,0.950530035335689	0,0.1861434429883957,0.9602473498233216	6,0.1843995302915573,0.9575971731448764	1,0.1706683337688446,0.9620141342756183	
8501109
5,0.3092977702617645,0.8905950095969289	4,0.21577133238315582,0.9213051823416507	1,0.20006687939167023,0.9347408829174664	6,0.19393688440322876,0.944337811900192	0,0.1930798590183258,0.9366602687140115	3,0.1883612871170044,0.9232245681381958	2,0.18262065947055817,0.9328214971209213	7,0.174274742603302,0.9385796545105566	
8537
4,0.4477841556072235,0.8657757117954678	3,0.27768900990486145,0.9296920395119117	5,0.2544976770877838,0.9384079023823358	0,0.25281840562820435,0.9325973271353865	1,0.24192678928375244,0.9378268448576409	6,0.24119026958942413,0.9424753050552005	2,0.23586535453796387,0.9442184776292853	7,0.23406800627708435,0.9436374201045904	
84249
3,0.7500024437904358,0.8825214899713467	2,0.09758936613798141,0.9770773638968482	5,0.062577985227108,0.9856733524355301	4,0.06114112585783005,0.9885386819484241	0,0.0465053990483284,0.9914040114613181	1,0.04021823778748512,0.9914040114613181	
85234
4,0.16877369582653046,0.9855769230769231	1,0.12452124804258347,0.9855769230769231	3,0.11932243406772614,0.9855769230769231	2,0.11458244919776917,0.9855769230769231	0,0.10034381598234177,0.9855769230769231	5,0.08842884749174118,0.9855769230769231	6,0.08552289009094238,0.9855769230769231	7,0.08540528267621994,0.9855769230769231	8,0.0853211060166359,0.9855769230769231	9,0.08464743196964264,0.9855769230769231	10,0.08240935206413269,0.9779005524861878	11,0.08217882364988327,0.9775280898876404	
84189
1,1.092915415763855,0.515625	3,1.083362102508545,0.640625	4,1.0776433944702148,0.765625	2,1.0676106214523315,0.59375	0,1.061364769935608,0.59375	5,1.0162433385849,0.59375	6,1.0111409425735474,0.609375	
840999
3,0.3948344886302948,0.8449131513647643	2,0.3760954439640045,0.8722084367245657	5,0.3236348628997803,0.9156327543424317	4,0.20120437443256378,0.9429280397022333	7,0.16805493831634521,0.956575682382134	6,0.16414114832878113,0.966501240694789	0,0.15271447598934174,0.9553349875930521	1,0.1372801810503006,0.9602977667493796	
847141
0,0.3238251507282257,0.9508196721311475	1,0.31600087881088257,0.9508196721311475	2,0.30574023723602295,0.9508196721311475	5,0.3018922805786133,0.9549180327868853	4,0.28823015093803406,0.889344262295082	6,0.28584083914756775,0.9549180327868853	7,0.28217291831970215,0.9549180327868853	3,0.28101441264152527,0.9549180327868853	
84795
4,0.1579863727092743,0.9729032258064516	2,0.1090274229645729,0.9793548387096774	0,0.1081368625164032,0.9806451612903225	5,0.10753974318504333,0.9806451612903225	6,0.10493797063827515,0.9806451612903225	1,0.10383257269859314,0.9806451612903225	3,0.0949491560459137,0.9754838709677419	
90291
3,1.0521113872528076,0.8047337278106509	0,0.11761557310819626,0.9644970414201184	5,0.10709065198898315,0.9644970414201184	2,0.10115095227956772,0.9704142011834319	4,0.10074321925640106,0.9644970414201184	1,0.08036565780639648,0.9763313609467456	
84836
3,0.10091988742351532,0.9914893617021276	0,0.054426152259111404,0.9957446808510638	4,0.05314356088638306,0.9957446808510638	5,0.0518760047852993,0.9957446808510638	2,0.0490654893219471,0.9957446808510638	1,0.04823737218976021,0.9957446808510638	
8448
3,1.951177954673767,0.43485342019543977	0,0.577372670173645,0.8631921824104235	4,0.5240339040756226,0.8664495114006515	2,0.47584542632102966,0.8843648208469055	1,0.47519731521606445,0.8859934853420195	5,0.43972107768058777,0.9022801302931596	
8477101
1,0.020341597497463226,1.0	0,0.01341148279607296,1.0	2,0.011876131407916546,1.0	4,0.005824135150760412,1.0	3,0.004736598115414381,1.0	10,0.003822540631517768,1.0	9,0.003744890447705984,1.0	5,0.0034982364159077406,1.0	7,0.0034322738647460938,1.0	6,0.0034131621941924095,1.0	8,0.003347269259393215,1.0	
84135
5,0.6909874677658081,0.8480243161094225	2,0.6596114635467529,0.790273556231003	3,0.6466771364212036,0.7598784194528876	0,0.4231145977973938,0.8875379939209727	6,0.3456147015094757,0.9103343465045592	4,0.33805444836616516,0.9179331306990881	1,0.3321245610713959,0.9072948328267477	7,0.29544493556022644,0.9316109422492401	
8481804
5,0.1485331654548645,0.9980601357904947	4,0.14450055360794067,0.9980601357904947	3,0.1252659559249878,0.9980601357904947	0,0.10695189237594604,0.9980601357904947	2,0.08920595049858093,0.9980601357904947	1,0.07545486837625504,0.9980601357904947	
9018909
3,1.0243396759033203,0.6821488528259653	4,0.7621306777000427,0.7705651930609961	5,0.4302949905395508,0.8886401790710688	6,0.39119112491607666,0.9082260772243984	2,0.37341004610061646,0.9099048684946839	0,0.37211912870407104,0.910464465584779	1,0.36656031012535095,0.9115836597649692	8,0.27575215697288513,0.9304635761589404	7,0.27093029022216797,0.9356435643564357	
84833
4,0.09379976987838745,0.9850374064837906	5,0.078389011323452,0.9900249376558603	3,0.06955921649932861,0.9900249376558603	6,0.05671893060207367,0.9900249376558603	0,0.04910638555884361,0.9900249376558603	2,0.04819011315703392,0.9900249376558603	1,0.0426703616976738,0.9900249376558603	
85437
4,0.2660878896713257,0.9530883502736512	3,0.11670198291540146,0.9788897576231431	0,0.07727823406457901,0.980453479280688	2,0.07600361108779907,0.9812353401094606	5,0.07427211850881577,0.9843627834245504	6,0.0727727860212326,0.9843627834245504	1,0.07177489995956421,0.982017200938233	
84159
4,0.3027305006980896,0.9078341013824884	3,0.13769885897636414,0.9654377880184332	5,0.12590166926383972,0.956221198156682	2,0.09432142227888107,0.9815668202764977	1,0.08978407829999924,0.9815668202764977	7,0.08587118983268738,0.9815668202764977	0,0.08089955151081085,0.9838709677419355	6,0.07618323713541031,0.9838709677419355	
9018903
3,0.8488538861274719,0.7246575342465753	6,0.12299159169197083,0.963013698630137	2,0.10559049248695374,0.9657534246575342	1,0.10518147051334381,0.9657534246575342	5,0.08954652398824692,0.9808219178082191	4,0.08860518783330917,0.9780821917808219	0,0.08543290197849274,0.9794520547945206	7,0.05944688990712166,0.9832285115303984	8,0.05507160350680351,0.9853249475890985	
84248
3,0.7286033630371094,0.8503937007874016	4,0.41562628746032715,0.9409448818897638	5,0.37011802196502686,0.952755905511811	6,0.3406417667865753,0.952755905511811	0,0.25174015760421753,0.9488188976377953	1,0.22629033029079437,0.9409448818897638	2,0.1980053186416626,0.9606299212598425	
84869
3,1.1457674503326416,0.7612826603325415	4,0.23820610344409943,0.9596199524940617	5,0.19735221564769745,0.9691211401425178	0,0.19093799591064453,0.9667458432304038	2,0.19006609916687012,0.9643705463182898	1,0.17510735988616943,0.9691211401425178	
84194
1,0.19831128418445587,1.0	2,0.14980824291706085,1.0	0,0.1482437551021576,1.0	3,0.09280452132225037,1.0	4,0.05871449410915375,1.0	6,0.05781713128089905,1.0	5,0.0562468022108078,1.0	
8443321
4,0.7869195342063904,0.7907488986784141	3,0.23833508789539337,0.9317180616740088	0,0.07429563254117966,0.9823788546255506	7,0.07049347460269928,0.9823788546255506	5,0.056353285908699036,0.9801762114537445	6,0.05219181999564171,0.9845814977973568	1,0.05183408036828041,0.9845814977973568	2,0.05144655331969261,0.986784140969163	8,0.04621228575706482,0.9845814977973568	
8505909
3,0.206913560628891,0.9827586206896551	6,0.1049032062292099,0.9942528735632183	5,0.10480105131864548,0.9942528735632183	0,0.09770576655864716,0.9942528735632183	2,0.0936770960688591,0.9942528735632183	1,0.09011609852313995,0.9942528735632183	4,0.08254344761371613,0.9942528735632183	
90015
4,1.7041188478469849,0.621342512908778	3,0.23907367885112762,0.9122203098106713	0,0.09381920844316483,0.9741824440619621	1,0.07480277866125107,0.9793459552495697	2,0.0585990771651268,0.9759036144578314	5,0.049206431955099106,0.9862306368330465	6,0.039165645837783813,0.9896729776247849	7,0.03293517604470253,0.9896193771626297	8,0.029080668464303017,0.9930795847750865	
84509
3,1.3346998691558838,0.75	5,1.2934496402740479,0.75	4,1.2885574102401733,0.75	0,1.0714043378829956,0.75	2,0.9187743663787842,0.75	1,0.8220950365066528,0.75	
85044091
3,0.08137347549200058,0.9902755267423015	4,0.0637243390083313,0.993517017828201	2,0.05248704552650452,0.993517017828201	5,0.05070394277572632,0.9951377633711507	0,0.049963414669036865,0.993517017828201	6,0.04844069853425026,0.9951377633711507	1,0.03891659528017044,0.9886547811993517	8,0.0007157853688113391,1.0	7,0.00041320035234093666,1.0	
84819
3,0.48489174246788025,0.8703976435935199	2,0.1060200184583664,0.9734904270986745	4,0.08500902354717255,0.9867452135493373	5,0.07007324695587158,0.9904270986745214	0,0.06970124691724777,0.9830633284241531	1,0.06577442586421967,0.9860088365243005	
84834
3,0.34677836298942566,0.9146443514644351	4,0.2537946105003357,0.9539748953974896	0,0.2418767362833023,0.9397489539748954	5,0.2117602676153183,0.9615062761506277	2,0.20521512627601624,0.9556485355648535	6,0.2045777589082718,0.9589958158995816	1,0.19082877039909363,0.9497907949790795	
842119
4,0.4261380136013031,0.8843537414965986	3,0.30861660838127136,0.9319727891156463	5,0.23437216877937317,0.9523809523809523	6,0.20928387343883514,0.9455782312925171	2,0.17869336903095245,0.9455782312925171	0,0.16816198825836182,0.9455782312925171	1,0.1529521942138672,0.9455782312925171	
84339
3,0.5540124773979187,0.875	4,0.3791115880012512,0.875	5,0.3495199680328369,0.875	0,0.2821159362792969,0.875	2,0.24265378713607788,0.875	1,0.18916906416416168,0.875	
8414803
6,0.839194118976593,0.9858156028368794	5,0.8105785250663757,0.9858156028368794	4,0.7930391430854797,0.9787234042553191	0,0.7651588916778564,0.9858156028368794	3,0.7327559590339661,0.9787234042553191	2,0.7242137789726257,0.9858156028368794	1,0.6846883296966553,0.9858156028368794	
90132
3,0.45271944999694824,0.9304511278195489	4,0.2601774036884308,0.9586466165413534	0,0.19383127987384796,0.9736842105263158	1,0.16485664248466492,0.9699248120300752	2,0.13459153473377228,0.9830827067669173	5,0.13000264763832092,0.9849624060150376	6,0.1244862750172615,0.9849624060150376	
84186
3,1.5063884258270264,0.6986301369863014	4,1.3315247297286987,0.773972602739726	5,0.8137603998184204,0.8698630136986302	0,0.812187135219574,0.8356164383561644	2,0.6054844856262207,0.8835616438356164	1,0.5993625521659851,0.8835616438356164	
84842
4,0.3815559148788452,0.9821428571428571	5,0.37172555923461914,0.9821428571428571	0,0.3603801429271698,0.9880952380952381	3,0.336545467376709,0.9761904761904762	2,0.32156163454055786,0.9880952380952381	1,0.31979113817214966,0.9880952380952381	
84522
3,0.5877687931060791,0.8347826086956521	4,0.5405900478363037,0.8956521739130435	0,0.4859181046485901,0.8782608695652174	1,0.45808884501457214,0.8869565217391304	6,0.45111414790153503,0.9043478260869565	2,0.43857142329216003,0.9043478260869565	5,0.4056300222873688,0.9304347826086956	
90268
3,1.292768955230713,0.5910780669144982	4,0.36705076694488525,0.8977695167286245	5,0.3000810444355011,0.9386617100371747	2,0.26442813873291016,0.9442379182156134	6,0.24972832202911377,0.9460966542750929	1,0.2422742247581482,0.9460966542750929	0,0.2356124222278595,0.9479553903345725	
84162
3,0.2932811677455902,0.92	4,0.27609097957611084,0.92	5,0.2550952434539795,0.92	6,0.24905379116535187,0.92	2,0.2214919775724411,0.92	0,0.2185896337032318,0.93	1,0.2175557166337967,0.94	
8428101
3,1.1549781560897827,0.647887323943662	4,0.8879014849662781,0.647887323943662	5,0.8300967216491699,0.647887323943662	6,0.7846611738204956,0.647887323943662	8,0.7641654014587402,0.647887323943662	7,0.6054453253746033,0.647887323943662	2,0.5673885345458984,0.647887323943662	0,0.5360090136528015,0.6619718309859155	1,0.4399082660675049,0.7746478873239436	
85332
4,0.7127822637557983,0.7348314606741573	3,0.6667432188987732,0.7662921348314606	5,0.2541295886039734,0.9483146067415731	2,0.2304123044013977,0.9370786516853933	1,0.21135859191417694,0.950561797752809	0,0.1838659793138504,0.9595505617977528	6,0.17184653878211975,0.946067415730337	7,0.09478151798248291,0.9601769911504425	8,0.054703667759895325,0.9734513274336283	
90109
3,0.8148466348648071,0.75	4,0.5068133473396301,0.75	5,0.5039026141166687,0.75	0,0.4864722192287445,0.8125	1,0.47006720304489136,0.8125	2,0.43882516026496887,0.875	
90259
3,0.23558849096298218,0.9651972157772621	4,0.13746905326843262,0.9791183294663574	5,0.13407714664936066,0.9814385150812065	0,0.0993092805147171,0.9767981438515081	2,0.08622690290212631,0.9814385150812065	1,0.08195825666189194,0.9767981438515081	6,0.030457552522420883,0.9895833333333334	7,0.018930383026599884,0.990909090909091	
842191
4,0.14710114896297455,0.9775280898876404	5,0.1467478722333908,0.9775280898876404	3,0.14425912499427795,0.9775280898876404	2,0.11434575170278549,0.9775280898876404	0,0.11376096308231354,0.9775280898876404	1,0.10156069695949554,0.9775280898876404	
8504401
3,0.4364953935146332,0.8540706605222734	5,0.4101746082305908,0.8940092165898618	6,0.39707088470458984,0.8863287250384024	4,0.3459962010383606,0.8863287250384024	8,0.3087041676044464,0.9276923076923077	7,0.2926325500011444,0.9278033794162827	2,0.28345781564712524,0.9339477726574501	1,0.27636948227882385,0.9324116743471582	0,0.2743575870990753,0.9308755760368663	9,0.2300586700439453,0.9372693726937269	
84239
3,0.7296814322471619,0.875	4,0.5258487462997437,0.875	5,0.505119800567627,0.875	2,0.42087405920028687,0.90625	0,0.4094991981983185,0.90625	1,0.3459547758102417,0.90625	
84831
3,0.14773167669773102,0.9924050632911392	2,0.07935779541730881,0.9936708860759493	4,0.05859629064798355,0.9974683544303797	1,0.0571509450674057,0.9949367088607595	5,0.054878752678632736,0.9962025316455696	0,0.053878769278526306,0.9962025316455696	
84229
3,1.981987714767456,0.8109756097560976	4,0.6221377849578857,0.9451219512195121	5,0.5720223784446716,0.9634146341463414	0,0.5066744089126587,0.9634146341463414	2,0.40485915541648865,0.9695121951219512	1,0.3536249101161957,0.9573170731707317	
90241
3,0.8711541295051575,0.6875	4,0.7767213582992554,0.734375	5,0.7614275813102722,0.734375	6,0.7432780265808105,0.734375	0,0.6931118965148926,0.71875	2,0.6737244129180908,0.78125	1,0.6609709858894348,0.828125	
84811
3,0.06912843137979507,0.9954128440366973	5,0.014570305123925209,0.9977064220183486	4,0.01319954078644514,0.9977064220183486	2,0.008416170254349709,0.9954128440366973	0,0.008057206869125366,0.9977064220183486	1,0.00453995494171977,0.9954128440366973	
85013
4,0.595714271068573,0.9254237288135593	3,0.49051108956336975,0.9288135593220339	5,0.35202357172966003,0.9525423728813559	6,0.30840665102005005,0.9559322033898305	0,0.281085342168808,0.9661016949152542	1,0.24930040538311005,0.9661016949152542	2,0.22291170060634613,0.9627118644067797	7,0.00022315233945846558,1.0	8,0.00017753243446350098,1.0	
9018907
3,0.4304598867893219,0.84375	5,0.41935425996780396,0.875	4,0.4057313799858093,0.875	6,0.40370672941207886,0.875	0,0.3252136707305908,0.875	2,0.3170703649520874,0.875	1,0.2948652505874634,0.90625	
8414804
1,0.02604616805911064,1.0	2,0.013700460083782673,1.0	0,0.012363539077341557,1.0	4,0.0032432815060019493,1.0	5,0.0032042451202869415,1.0	3,0.0013076867908239365,1.0	
90118
3,0.259047269821167,0.9375	4,0.21328502893447876,0.9375	5,0.20950426161289215,0.9375	6,0.20708824694156647,0.9375	7,0.1879514902830124,0.9375	0,0.15160775184631348,0.96875	2,0.15133807063102722,0.96875	1,0.14265121519565582,0.96875	
841451
3,0.37591978907585144,0.8880597014925373	4,0.27557334303855896,0.9552238805970149	5,0.24673409759998322,0.9626865671641791	6,0.20375993847846985,0.9701492537313433	0,0.17727118730545044,0.9776119402985075	2,0.16194979846477509,0.9626865671641791	1,0.1461232602596283,0.9776119402985075	
8517707
3,0.21587562561035156,0.9855072463768116	7,0.2138470709323883,0.96875	6,0.1889258772134781,0.96875	4,0.1858593225479126,0.9855072463768116	5,0.18123267590999603,0.9855072463768116	0,0.15891216695308685,0.9855072463768116	1,0.1511903554201126,0.9855072463768116	2,0.15080676972866058,0.9855072463768116	
84719
3,0.14540906250476837,0.9857651245551602	1,0.13350768387317657,0.9644128113879004	4,0.10387983918190002,0.9893238434163701	0,0.09844490885734558,0.9893238434163701	2,0.08206973224878311,0.9893238434163701	
84864
4,0.9377000331878662,0.725	3,0.5239422917366028,0.85	2,0.42232951521873474,0.895	1,0.42038586735725403,0.895	6,0.41887906193733215,0.9	0,0.41728827357292175,0.9	5,0.41534188389778137,0.885	
84825
3,0.0944141373038292,0.9979423868312757	5,0.08763866871595383,0.9979423868312757	4,0.08482520282268524,0.9979423868312757	2,0.06404885649681091,0.9979423868312757	0,0.05376231670379639,0.9979423868312757	1,0.04828875511884689,0.9979423868312757	
84089
4,0.63006591796875,0.8393285371702638	3,0.4828139841556549,0.8872901678657075	5,0.4763135313987732,0.86810551558753	6,0.36605629324913025,0.8992805755395683	7,0.3338307738304138,0.9160671462829736	0,0.31958577036857605,0.9136690647482014	1,0.29324638843536377,0.9040767386091128	2,0.2738836705684662,0.9136690647482014	
8544302
1,0.06588375568389893,0.9875776397515528	3,0.058530520647764206,0.9875776397515528	4,0.05670592933893204,0.9875776397515528	2,0.05614441633224487,0.9875776397515528	5,0.05549931526184082,0.9875776397515528	6,0.05510929971933365,0.9875776397515528	0,0.04652019962668419,0.9875776397515528	
85439
7,2.037329912185669,0.9104477611940298	6,1.7227857112884521,0.9104477611940298	3,0.9686625599861145,0.8860103626943006	4,0.6803907155990601,0.9119170984455959	5,0.5527184009552002,0.9222797927461139	0,0.4901789426803589,0.9222797927461139	2,0.4367479681968689,0.917098445595855	1,0.435367614030838,0.9119170984455959	
9016
3,0.7651255130767822,0.53125	2,0.6810177564620972,0.5625	4,0.6240298748016357,0.59375	1,0.5580196976661682,0.65625	0,0.5341161489486694,0.65625	5,0.4694691002368927,0.6875	
903089
4,0.38476574420928955,0.917098445595855	7,0.12466958910226822,0.9740932642487047	0,0.11248351633548737,0.9740932642487047	6,0.10962481051683426,0.9740932642487047	3,0.10571373254060745,0.9637305699481865	1,0.09212943911552429,0.9740932642487047	2,0.08088946342468262,0.9740932642487047	5,0.07057290524244308,0.9689119170984456	
85016
3,1.2607409954071045,0.5	6,1.1820597648620605,0.625	5,1.169895887374878,0.625	4,1.0952506065368652,0.625	7,1.09421706199646,0.625	2,1.0118180513381958,0.625	0,0.9676304459571838,0.75	1,0.9658223390579224,0.75	
903084
9,4.233419895172119e-05,1.0	8,2.078711986541748e-05,1.0	4,0.2907211184501648,0.944954128440367	5,0.11758408695459366,0.9724770642201835	3,0.11322711408138275,0.981651376146789	6,0.1128111183643341,0.981651376146789	7,0.1089576706290245,0.981651376146789	2,0.09919895976781845,0.981651376146789	1,0.09608379006385803,0.981651376146789	0,0.09575160592794418,0.981651376146789	
84139
3,0.10044456273317337,0.9967637540453075	5,0.08739472180604935,0.9967637540453075	4,0.08331421762704849,0.9967637540453075	0,0.06380683928728104,0.9967637540453075	2,0.05495459586381912,0.9967637540453075	1,0.0420755073428154,0.9967637540453075	
85079
3,0.17643515765666962,0.968421052631579	5,0.16483095288276672,0.968421052631579	4,0.14546558260917664,0.968421052631579	2,0.13061121106147766,0.968421052631579	0,0.12894997000694275,0.968421052631579	1,0.11212936043739319,0.968421052631579	
84609
3,1.126485824584961,0.625	4,0.9162952899932861,0.625	5,0.9000965356826782,0.625	0,0.7413473725318909,0.625	2,0.7268088459968567,0.625	1,0.6741245985031128,0.6875	
8414599
3,0.45750802755355835,0.860248447204969	4,0.4248780906200409,0.84472049689441	5,0.2644767761230469,0.9192546583850931	6,0.23928764462471008,0.937888198757764	2,0.21503598988056183,0.9409937888198758	7,0.21094505488872528,0.9440993788819876	0,0.2109280824661255,0.937888198757764	1,0.20108000934123993,0.9440993788819876	
85043
0,0.8700512647628784,0.8095238095238095	3,0.5966508388519287,0.8095238095238095	2,0.5340182185173035,0.873015873015873	1,0.4975399374961853,0.873015873015873	5,0.49081581830978394,0.8624338624338624	4,0.4618053138256073,0.8412698412698413	6,0.39096903800964355,0.8941798941798942	
90292
3,0.5147182941436768,0.77431906614786	4,0.20159509778022766,0.9280155642023347	0,0.19563797116279602,0.9105058365758755	7,0.18573097884655,0.9470198675496688	1,0.17578837275505066,0.9221789883268483	6,0.17278257012367249,0.9403973509933775	2,0.1580248475074768,0.9319066147859922	5,0.1466987580060959,0.9455252918287937	
84198
3,1.2137335538864136,0.7557077625570776	4,0.18767748773097992,0.9634703196347032	5,0.16312859952449799,0.9703196347031964	0,0.13403485715389252,0.9634703196347032	1,0.12194955348968506,0.9611872146118722	2,0.12128738313913345,0.9703196347031964	
84862
4,1.5841478109359741,0.59375	3,0.8746549487113953,0.8072916666666666	5,0.6899328231811523,0.828125	6,0.6765614748001099,0.8385416666666666	2,0.6455785036087036,0.84375	1,0.6011733412742615,0.84375	0,0.5960667133331299,0.84375	
85258013
9,0.24474690854549408,0.9603960396039604	3,0.2435808777809143,0.9603960396039604	5,0.24103093147277832,0.9603960396039604	8,0.240895614027977,0.9603960396039604	0,0.23780764639377594,0.9603960396039604	4,0.23592327535152435,0.9603960396039604	6,0.23577912151813507,0.9603960396039604	2,0.2293824553489685,0.9603960396039604	1,0.22878283262252808,0.9603960396039604	7,0.17117740213871002,0.9603960396039604	
8503009
3,0.06934576481580734,0.9895833333333334	4,0.06716203689575195,0.9895833333333334	5,0.06700056046247482,0.9895833333333334	0,0.05952047184109688,0.9895833333333334	1,0.05852051451802254,0.9895833333333334	2,0.056915510445833206,0.9895833333333334	
85049
3,1.7778091430664062,0.6754716981132075	2,0.43152883648872375,0.9245283018867925	0,0.42011207342147827,0.9433962264150944	1,0.40072011947631836,0.9358490566037736	5,0.39328861236572266,0.9433962264150944	4,0.38397660851478577,0.9471698113207547	
84672
0,1.2324713468551636,0.5862068965517241	1,0.669761598110199,0.6896551724137931	4,0.343748539686203,0.9051724137931034	3,0.3173167109489441,0.9094827586206896	5,0.2904101014137268,0.9051724137931034	2,0.22891362011432648,0.9439655172413793	6,0.21594524383544922,0.9439655172413793	
84679
3,1.3074700832366943,0.5	4,1.1175611019134521,0.5625	5,1.0739537477493286,0.5625	0,1.0006754398345947,0.5625	2,0.9571974873542786,0.59375	1,0.938787579536438,0.65625	
85364
4,0.6978178024291992,0.7008196721311475	3,0.6683058738708496,0.7008196721311475	5,0.1088016927242279,0.9590163934426229	2,0.0947037786245346,0.9836065573770492	1,0.08814668655395508,0.9754098360655737	6,0.0841638445854187,0.9774590163934426	0,0.07804550230503082,0.9836065573770492	7,0.014514281414449215,0.9895833333333334	8,0.011968348175287247,0.9948186528497409	
85366
8,0.3254851698875427,0.9646017699115044	7,0.2849283218383789,0.9652173913043478	0,0.15736672282218933,0.9826388888888888	4,0.14111146330833435,0.9826388888888888	5,0.12931561470031738,0.9826388888888888	6,0.10686764866113663,0.9826388888888888	1,0.10512406378984451,0.9826388888888888	3,0.10471875220537186,0.9861111111111112	2,0.0829857811331749,0.9861111111111112	
84399
3,1.2825082540512085,0.59375	4,0.2662874162197113,0.9296875	5,0.23544098436832428,0.9296875	2,0.23262369632720947,0.9375	0,0.21013081073760986,0.9296875	1,0.20508451759815216,0.9375	
84678
3,0.8926727771759033,0.859375	4,0.7221622467041016,0.859375	5,0.6692249774932861,0.859375	6,0.6094412207603455,0.859375	2,0.5187931656837463,0.859375	0,0.46207505464553833,0.859375	1,0.396657794713974,0.859375	
84571
0,0.8153759837150574,0.7568493150684932	1,0.6924204230308533,0.8184931506849316	2,0.6023179292678833,0.8493150684931506	7,0.5909589529037476,0.8561643835616438	5,0.5675624012947083,0.863013698630137	3,0.5550621151924133,0.8527397260273972	8,0.5451067090034485,0.8664383561643836	6,0.5088265538215637,0.8561643835616438	4,0.5068721771240234,0.863013698630137	
90304
5,0.13034144043922424,0.9642857142857143	3,0.1237168163061142,0.9464285714285714	0,0.11613781750202179,0.96875	6,0.1126687303185463,0.9598214285714286	4,0.10995808988809586,0.9776785714285714	1,0.10464327782392502,0.96875	8,0.10156155377626419,0.96875	9,0.1006680279970169,0.96875	2,0.09276561439037323,0.96875	7,0.08418227732181549,0.9732142857142857	
90212
0,0.5372593402862549,0.8971428571428571	3,0.23003308475017548,0.9523809523809523	4,0.13602840900421143,0.9695238095238096	2,0.04505477845668793,0.9923809523809524	1,0.04503607004880905,0.9866666666666667	5,0.028522003442049026,0.9923809523809524	
85489
0,1.4686338901519775,0.6822429906542056	4,0.373585969209671,0.9158878504672897	3,0.334442138671875,0.8785046728971962	5,0.22608308494091034,0.956386292834891	1,0.22350959479808807,0.9345794392523364	2,0.21216142177581787,0.9314641744548287	6,0.20259837806224823,0.9501557632398754	
84283
4,2.343599319458008,0.46216216216216216	5,1.9446172714233398,0.5216216216216216	3,0.9563140869140625,0.8297297297297297	1,0.7237069010734558,0.8783783783783784	2,0.7084836363792419,0.8810810810810811	0,0.6829286813735962,0.8837837837837837	7,0.6513369083404541,0.8756756756756757	6,0.6508733034133911,0.8729729729729729	
90229
4,0.2683939039707184,0.9520383693045563	3,0.1207696869969368,0.9760191846522782	5,0.08344459533691406,0.9856115107913669	6,0.08005906641483307,0.986810551558753	2,0.07713921368122101,0.9820143884892086	1,0.07595003396272659,0.9832134292565947	0,0.0699465274810791,0.986810551558753	
84289
3,0.6917024254798889,0.8333333333333334	4,0.468070387840271,0.9200913242009132	5,0.43660974502563477,0.9246575342465754	0,0.4145723879337311,0.8949771689497716	2,0.358710378408432,0.9155251141552512	1,0.3570030927658081,0.9041095890410958	
842121
6,0.65483158826828,0.9270833333333334	3,0.5327790379524231,0.9114583333333334	5,0.5080317258834839,0.9427083333333334	7,0.4986000061035156,0.9427083333333334	4,0.4410523772239685,0.9479166666666666	0,0.43909916281700134,0.9479166666666666	2,0.3938494622707367,0.9270833333333334	1,0.38740766048431396,0.9375	
8414809
3,0.6076532602310181,0.875	1,0.4233129024505615,0.9479166666666666	2,0.35947102308273315,0.9375	4,0.32679036259651184,0.9375	0,0.31951260566711426,0.9375	5,0.3107678294181824,0.9375	
8421399
5,0.14672748744487762,0.9739583333333334	6,0.1306738555431366,0.9765625	3,0.11438493430614471,0.9817708333333334	4,0.10060939192771912,0.9791666666666666	9,0.09591888636350632,0.9817708333333334	7,0.09544088691473007,0.984375	0,0.0923752635717392,0.9765625	2,0.08862467855215073,0.9765625	8,0.08361809700727463,0.9817708333333334	1,0.08288171887397766,0.9765625	
8458
5,0.8656879663467407,0.7401574803149606	4,0.7739558815956116,0.7795275590551181	1,0.5456156730651855,0.8976377952755905	0,0.5385516881942749,0.8976377952755905	2,0.47254160046577454,0.905511811023622	3,0.46839696168899536,0.9212598425196851	7,0.4402346909046173,0.905511811023622	6,0.41003772616386414,0.9212598425196851	
8463
4,1.90205979347229,0.34375	5,1.767492413520813,0.40625	3,1.7573755979537964,0.40625	6,1.7550787925720215,0.40625	0,1.6136568784713745,0.40625	1,1.596009612083435,0.4375	2,1.5897135734558105,0.40625	
90219
4,0.42675861716270447,0.8735332464146024	3,0.3061271905899048,0.9478487614080835	0,0.07708302140235901,0.9895697522816167	6,0.06926647573709488,0.9895697522816167	5,0.067576102912426,0.9908735332464146	1,0.06538798660039902,0.9895697522816167	2,0.05947659909725189,0.9882659713168188	
90272
0,0.3832922577857971,0.8698060941828255	3,0.17036902904510498,0.9335180055401662	4,0.10267631709575653,0.96398891966759	1,0.10224207490682602,0.9667590027700831	2,0.09020548313856125,0.96398891966759	6,0.08473216742277145,0.9695290858725761	5,0.08105535805225372,0.9722991689750693	7,0.07361148297786713,0.9750692520775623	
901832
3,4.13984489440918,0.527363184079602	5,0.11381584405899048,0.9701492537313433	4,0.09693243354558945,0.9900497512437811	2,0.08831892907619476,0.9900497512437811	0,0.08078186213970184,0.9900497512437811	1,0.0727822333574295,0.9900497512437811	
84138
3,0.37370172142982483,0.90625	4,0.30971816182136536,0.90625	6,0.3027048707008362,0.875	5,0.26893430948257446,0.90625	2,0.2484765350818634,0.90625	1,0.24080371856689453,0.984375	0,0.20037320256233215,0.921875	
8443322
4,0.4944400191307068,0.8808290155440415	3,0.4028880000114441,0.8601036269430051	6,0.23046284914016724,0.9481865284974094	5,0.22815418243408203,0.9481865284974094	0,0.2146015167236328,0.9481865284974094	2,0.19892197847366333,0.9533678756476683	1,0.1862231343984604,0.9533678756476683	
8529908
3,0.7605596780776978,0.71875	4,0.5661253929138184,0.875	5,0.5428301095962524,0.84375	2,0.5091402530670166,0.84375	0,0.4981043338775635,0.875	1,0.46009141206741333,0.875	
85081
5,1.068922758102417,0.84375	4,1.0609829425811768,0.84375	6,1.0221058130264282,0.84375	7,0.9531535506248474,0.84375	0,0.7463158965110779,0.84375	8,0.7335673570632935,0.875	3,0.6514415144920349,0.84375	1,0.5087613463401794,0.84375	2,0.3967245817184448,0.84375	
85171
4,0.1121734008193016,0.935672514619883	3,0.03862583637237549,0.9883040935672515	1,0.030312804505228996,0.9883040935672515	0,0.02926517091691494,0.9883040935672515	5,0.02835545316338539,0.9883040935672515	7,0.026343438774347305,0.9912280701754386	2,0.023571426048874855,0.9912280701754386	6,0.015857214108109474,0.9941520467836257	8,0.0034643318504095078,0.9955357142857143	9,0.0015160643961280584,1.0	
85319
3,0.426910400390625,0.90625	4,0.37407228350639343,0.90625	5,0.37094050645828247,0.90625	0,0.27531421184539795,0.90625	2,0.26442602276802063,0.90625	1,0.17623010277748108,0.90625	
90066
4,0.9144464135169983,0.75	5,0.7663569450378418,0.75	3,0.7567471861839294,0.75	6,0.7475783824920654,0.75	2,0.7416192293167114,0.75	1,0.7032294273376465,0.75	0,0.7010850310325623,0.75	
90302
4,0.966396152973175,0.4339622641509434	5,0.931111752986908,0.46226415094339623	7,0.9117039442062378,0.4811320754716981	0,0.9070722460746765,0.49056603773584906	6,0.8966111540794373,0.46226415094339623	1,0.8247280120849609,0.5566037735849056	2,0.7551760673522949,0.5943396226415094	3,0.6934889554977417,0.5471698113207547	
84413
1,0.030393213033676147,1.0	2,0.020978182554244995,1.0	0,0.016516029834747314,1.0	3,0.01582995057106018,1.0	4,0.007481515407562256,1.0	5,0.007225096225738525,1.0	
84119
3,3.0319719314575195,0.5437262357414449	4,0.21490119397640228,0.9771863117870723	5,0.18861041963100433,0.9771863117870723	0,0.15984687209129333,0.9771863117870723	2,0.1562955528497696,0.9695817490494296	1,0.13649551570415497,0.9809885931558935	
85286
3,0.46820181608200073,0.875	2,0.4648386836051941,0.875	1,0.4647846221923828,0.875	5,0.4483122229576111,0.875	0,0.4413678050041199,0.875	4,0.43764835596084595,0.875	8,0.4359724819660187,0.875	7,0.432465523481369,0.875	6,0.40260031819343567,0.875	
84131
3,0.8153204917907715,0.8497109826589595	5,0.10760675370693207,0.9942196531791907	6,0.10179990530014038,0.9942196531791907	0,0.09208253026008606,0.9884393063583815	2,0.09104224294424057,0.9884393063583815	1,0.08682893216609955,0.9884393063583815	4,0.04694848507642746,0.9942196531791907	
84073
3,0.4405917525291443,0.8402061855670103	4,0.37108275294303894,0.8762886597938144	9,0.292512983083725,0.9123711340206185	10,0.24776418507099152,0.9175257731958762	11,0.2380094826221466,0.9175257731958762	12,0.22257761657238007,0.9123711340206185	6,0.22206859290599823,0.9226804123711341	7,0.20507074892520905,0.9278350515463918	5,0.1981831043958664,0.9175257731958762	0,0.1806795299053192,0.9278350515463918	1,0.15941789746284485,0.9381443298969072	8,0.15711115300655365,0.9278350515463918	2,0.155008003115654,0.9329896907216495	
90011
3,0.6048073768615723,0.8846153846153846	7,0.5168813467025757,0.9017341040462428	8,0.21643862128257751,0.9248554913294798	4,0.15254533290863037,0.9497041420118343	6,0.13528524339199066,0.9674556213017751	2,0.11407238245010376,0.9644970414201184	1,0.1105818971991539,0.9704142011834319	0,0.10757116228342056,0.9792899408284024	5,0.09594279527664185,0.9763313609467456	
84191
3,0.3276762068271637,0.875	5,0.2183518409729004,0.8125	4,0.17480331659317017,0.875	6,0.1692165583372116,0.875	7,0.1473030000925064,0.875	2,0.12448561191558838,0.875	0,0.11110762506723404,0.875	1,0.10403673350811005,1.0	
84129
2,7.307501800823957e-05,1.0	4,5.363385935197584e-05,1.0	3,0.14514902234077454,0.9885386819484241	0,0.007713364902883768,0.997134670487106	1,0.0021093394607305527,1.0	5,0.0009944118792191148,1.0	
851769
3,0.7696092128753662,0.5	4,0.6693100333213806,0.625	5,0.6304785013198853,0.625	2,0.5679353475570679,0.625	0,0.5076175928115845,0.6875	1,0.49913519620895386,0.6875	
847149
4,0.48233839869499207,0.8169934640522876	5,0.36793121695518494,0.9019607843137255	0,0.3277099132537842,0.9150326797385621	7,0.3234317898750305,0.9281045751633987	8,0.3208586573600769,0.9215686274509803	1,0.31769946217536926,0.9150326797385621	6,0.30926772952079773,0.9215686274509803	2,0.29223623871803284,0.8954248366013072	3,0.2789559066295624,0.8954248366013072	
8528521
7,0.39875614643096924,0.9563318777292577	6,0.3873882591724396,0.9563318777292577	3,0.3472675681114197,0.9781659388646288	5,0.336251437664032,0.9781659388646288	2,0.3320918679237366,0.9781659388646288	9,0.32512566447257996,0.9781659388646288	8,0.3156203031539917,0.982532751091703	1,0.2702205777168274,0.9737991266375546	4,0.26918530464172363,0.9781659388646288	0,0.2010071575641632,0.982532751091703	10,0.060567520558834076,0.96875	11,0.002823933959007263,1.0	
84181
4,0.73985755443573,0.8017241379310345	3,0.5348267555236816,0.8706896551724138	5,0.3183484375476837,0.9137931034482759	0,0.2184387594461441,0.9396551724137931	6,0.20977315306663513,0.9396551724137931	2,0.20438653230667114,0.9568965517241379	1,0.18451732397079468,0.9568965517241379	
85394
3,0.4170829951763153,0.84375	4,0.40647822618484497,0.84375	5,0.31167981028556824,0.859375	6,0.27228835225105286,0.90625	8,0.2584981918334961,0.90625	7,0.24932987987995148,0.90625	2,0.21328511834144592,0.9375	0,0.20783647894859314,0.9375	1,0.18953292071819305,0.9375	
844316
6,0.5973227024078369,0.5	10,0.5834214687347412,0.5	8,0.5659981966018677,0.5	7,0.5601203441619873,0.5	0,0.5228790044784546,0.5	5,0.5215541124343872,0.5	2,0.5174981951713562,1.0	4,0.5173817873001099,1.0	1,0.4971902668476105,1.0	3,0.4966263473033905,1.0	9,0.4951232075691223,1.0	
84305
3,0.049218371510505676,1.0	4,0.020283736288547516,1.0	1,0.016307607293128967,1.0	2,0.013507649302482605,1.0	5,0.012956678867340088,1.0	0,0.012272268533706665,1.0	6,0.007833994925022125,1.0	7,0.007425270974636078,1.0	
84705
3,0.6148431301116943,0.75	2,0.3570445775985718,0.75	4,0.34594276547431946,0.75	0,0.3196508586406708,0.75	1,0.3053368330001831,0.75	5,0.3034670352935791,0.75	
84549
3,1.0405579805374146,0.71875	4,0.8686192035675049,0.71875	5,0.8467019200325012,0.71875	2,0.7462639808654785,0.75	0,0.7350761890411377,0.75	1,0.7308640480041504,0.75	
8547
4,0.7066523432731628,0.8333333333333334	3,0.6520137786865234,0.8074074074074075	5,0.29552364349365234,0.9481481481481482	7,0.28589335083961487,0.90625	8,0.27591657638549805,0.90625	6,0.25751596689224243,0.9481481481481482	2,0.25036683678627014,0.9407407407407408	0,0.246851846575737,0.9481481481481482	1,0.2419060617685318,0.9444444444444444	
85261
3,0.969536304473877,0.4375	4,0.4197066128253937,0.875	5,0.40146535634994507,0.90625	0,0.39814144372940063,0.90625	2,0.3931361138820648,0.875	1,0.38238099217414856,0.90625	
84791
4,0.4414542019367218,0.75	2,0.44081559777259827,0.625	3,0.43584394454956055,0.625	1,0.4264548122882843,0.625	0,0.4046970307826996,0.625	5,0.39651620388031006,0.75	6,0.3794001340866089,0.75	
85123
4,1.9190969467163086,0.59375	7,1.904548168182373,0.59375	3,1.883599877357483,0.59375	8,1.8382842540740967,0.59375	9,1.7492505311965942,0.59375	0,1.5263113975524902,0.59375	2,1.5011329650878906,0.59375	5,1.4830676317214966,0.59375	1,1.4119361639022827,0.59375	6,1.135802984237671,0.59375	
8421392
5,0.9876644611358643,0.71875	6,0.9386547207832336,0.71875	9,0.9273824095726013,0.71875	8,0.9265610575675964,0.71875	7,0.9247691631317139,0.71875	0,0.9051001667976379,0.71875	1,0.9042669534683228,0.75	3,0.8937363624572754,0.71875	2,0.8931763768196106,0.71875	4,0.8862264752388,0.71875	
84184
6,1.2266978025436401,0.6875	3,1.1525444984436035,0.65625	7,1.0924568176269531,0.6875	5,0.9618561863899231,0.6875	4,0.9517644643783569,0.65625	0,0.944347620010376,0.6875	2,0.8494347333908081,0.6875	1,0.8220611810684204,0.6875	
84561
3,6.461946213676129e-07,1.0	2,6.176388069434324e-06,1.0	1,4.558795262710191e-05,1.0	4,1.984146820177557e-06,1.0	6,1.8811283553077374e-06,1.0	0,1.6197705917875282e-05,1.0	5,1.1099932635261212e-06,1.0	
84221
3,2.1120638847351074,0.671875	4,1.7523399591445923,0.671875	2,1.5404666662216187,0.671875	0,1.1327719688415527,0.671875	1,0.5487209558486938,0.671875	
84082
3,0.15281499922275543,0.9747899159663865	1,0.14731507003307343,0.9663865546218487	2,0.14401410520076752,0.9747899159663865	7,0.1432398110628128,0.9747899159663865	0,0.14078949391841888,0.9747899159663865	8,0.1401742547750473,0.9747899159663865	9,0.13963833451271057,0.9747899159663865	5,0.13703802227973938,0.9747899159663865	10,0.136090487241745,0.9747899159663865	4,0.13548551499843597,0.9747899159663865	6,0.07303176075220108,0.9831932773109243	
90059
3,1.5723994970321655,0.625	5,1.4680941104888916,0.625	4,1.430387020111084,0.625	0,1.2246712446212769,0.625	2,1.0747274160385132,0.625	1,0.9170277118682861,0.625	
8427
3,0.6091278195381165,0.8232044198895028	4,0.4512815475463867,0.8839779005524862	5,0.25644296407699585,0.9226519337016574	2,0.24840545654296875,0.9447513812154696	1,0.24788245558738708,0.9447513812154696	0,0.24167349934577942,0.9392265193370166	7,0.24135100841522217,0.9281767955801105	8,0.24106089770793915,0.9281767955801105	6,0.23660992085933685,0.9281767955801105	
8464
4,1.165520429611206,0.609375	5,1.1554926633834839,0.59375	6,1.1355615854263306,0.59375	7,1.1166555881500244,0.609375	3,1.060508370399475,0.59375	0,1.0283863544464111,0.609375	2,1.0085728168487549,0.609375	1,1.0034881830215454,0.609375	
8511409
5,0.8261790871620178,0.65625	3,0.8186736106872559,0.625	6,0.7874826788902283,0.65625	7,0.7848973870277405,0.65625	2,0.754355788230896,0.65625	0,0.7154269814491272,0.65625	1,0.7122130393981934,0.65625	4,0.6717519760131836,0.65625	
84381
5,1.8770503997802734,0.59375	4,1.8242030143737793,0.59375	3,1.7680141925811768,0.59375	0,1.6153905391693115,0.59375	2,1.4532926082611084,0.59375	1,1.3175408840179443,0.59375	
84201
3,1.002335548400879,0.75	4,0.7880854606628418,0.8125	5,0.7243447303771973,0.8125	0,0.6220568418502808,0.8125	2,0.6190648674964905,0.8125	1,0.5852913856506348,0.8125	
85432
5,0.8013317584991455,0.4788732394366197	4,0.7870561480522156,0.49295774647887325	6,0.7703045606613159,0.49295774647887325	3,0.7633163332939148,0.4507042253521127	7,0.747977614402771,0.49295774647887325	2,0.7050220370292664,0.5070422535211268	0,0.6991866827011108,0.5211267605633803	1,0.6981503367424011,0.5211267605633803	
85166
3,0.8203457593917847,0.6266666666666667	4,0.7770003080368042,0.68	5,0.6630163192749023,0.7066666666666667	6,0.6474604606628418,0.76	2,0.6063895225524902,0.76	0,0.575762927532196,0.7466666666666667	1,0.5632957816123962,0.7866666666666666	
8449
4,1.1001777648925781,0.5	5,1.0971301794052124,0.5	3,1.0605851411819458,0.5	0,1.0088609457015991,0.5	2,0.9719657897949219,0.5	1,0.9607949256896973,0.5	
846291
4,0.6652352809906006,0.8125	3,0.5321233868598938,0.8125	5,0.40106451511383057,0.9375	6,0.35483318567276,0.9375	0,0.3091648817062378,0.9375	2,0.30779922008514404,0.9375	1,0.2883440852165222,0.9375	
8421393
9,0.06805704534053802,0.9879518072289156	8,0.0669562891125679,0.9879518072289156	6,0.06595443189144135,0.9879518072289156	7,0.06543971598148346,0.9879518072289156	2,0.06512727588415146,0.9879518072289156	1,0.06494073569774628,0.9879518072289156	0,0.06418010592460632,0.9879518072289156	3,0.06326526403427124,0.9879518072289156	4,0.05395207926630974,0.9879518072289156	5,0.04747387394309044,0.9879518072289156	
8539399
4,0.5612345933914185,0.9375	5,0.5270888209342957,0.9375	6,0.4963172376155853,0.9375	3,0.44655317068099976,0.9375	0,0.4269528090953827,0.9375	1,0.3317890763282776,0.9375	2,0.32012009620666504,0.9375	
85098
3,1.4533696174621582,0.625	4,1.308549404144287,0.625	5,1.3024011850357056,0.625	6,1.2168371677398682,0.625	7,1.1223398447036743,0.625	0,0.9553045630455017,0.6875	2,0.9487185478210449,0.6875	1,0.756438672542572,0.75	
8465
4,2.3840107917785645,0.19387755102040816	6,2.373490333557129,0.22448979591836735	7,2.3607585430145264,0.22448979591836735	5,2.359156608581543,0.22448979591836735	3,2.3215789794921875,0.21428571428571427	0,2.2707815170288086,0.21428571428571427	2,2.1895389556884766,0.24489795918367346	1,2.172290563583374,0.22448979591836735	
85119
3,0.7913095951080322,0.896551724137931	4,0.24763566255569458,0.9568965517241379	5,0.17921920120716095,0.9741379310344828	2,0.16906115412712097,0.9827586206896551	0,0.13648143410682678,0.9741379310344828	1,0.11908001452684402,0.9827586206896551	
84614
3,0.639567494392395,0.625	1,0.5686971545219421,0.625	4,0.5642944574356079,0.625	2,0.5600159168243408,0.75	0,0.5502843856811523,0.625	7,0.5336481928825378,0.625	6,0.5318433046340942,0.625	5,0.5275277495384216,0.75	
84622
4,1.5560964345932007,0.5	3,1.5440655946731567,0.46875	5,1.507987141609192,0.5	7,1.4985246658325195,0.5	6,1.4891446828842163,0.5	0,1.3374594449996948,0.53125	2,1.2964953184127808,0.53125	1,1.2479801177978516,0.53125	
8445
4,2.0205495357513428,0.4375	3,1.9078755378723145,0.46875	5,1.8397953510284424,0.5	6,1.8270885944366455,0.5	2,1.8207975625991821,0.5	0,1.820158839225769,0.5	1,1.809605360031128,0.5	
8425
3,1.087534785270691,0.6505376344086021	4,0.6821192502975464,0.7903225806451613	0,0.5384353399276733,0.8387096774193549	1,0.5059313774108887,0.8387096774193549	7,0.45850929617881775,0.8817204301075269	2,0.45459961891174316,0.8709677419354839	8,0.433813214302063,0.8870967741935484	6,0.400822252035141,0.8924731182795699	5,0.3986738324165344,0.8924731182795699	
84419
3,1.3331276178359985,0.59375	4,1.1711745262145996,0.59375	5,1.147387146949768,0.59375	2,1.0153028964996338,0.625	0,1.0104432106018066,0.65625	1,0.9712262749671936,0.625	
844313
6,3.007347583770752,0.3230769230769231	7,2.982630491256714,0.3384615384615385	10,2.976139783859253,0.3384615384615385	8,2.972320079803467,0.3384615384615385	5,2.9211864471435547,0.35384615384615387	9,2.8741064071655273,0.3384615384615385	0,2.871163845062256,0.35384615384615387	3,2.863489866256714,0.35384615384615387	2,2.8182895183563232,0.35384615384615387	1,2.8014755249023438,0.35384615384615387	4,2.7093453407287598,0.3384615384615385	
852691
3,0.7782610058784485,0.40625	0,0.5079395771026611,0.5625	4,0.4784337878227234,0.71875	2,0.4474095106124878,0.71875	1,0.41839516162872314,0.84375	5,0.41670241951942444,0.8125	
853929
1,0.062383100390434265,1.0	2,0.044375866651535034,1.0	0,0.0355580598115921,1.0	4,0.02581872045993805,1.0	5,0.023444175720214844,1.0	3,0.02125762403011322,1.0	6,0.01763838529586792,1.0	7,0.01592211425304413,1.0	8,0.015116199851036072,1.0	
85069
0,0.5358783006668091,0.5	1,0.521010160446167,0.5	5,0.3739820420742035,0.5	2,0.36383116245269775,0.5	4,0.32183700799942017,1.0	3,0.28889161348342896,1.0	
85407
3,0.23445135354995728,0.9375	4,0.19522027671337128,0.9375	6,0.18832625448703766,0.9375	5,0.1876978874206543,0.9375	0,0.16396810114383698,0.9375	1,0.16269993782043457,0.9375	2,0.15837720036506653,0.9375	
84804
1,1.1035521030426025,0.5	2,1.0676485300064087,0.53	0,1.0410795211791992,0.52	3,1.0023576021194458,0.56	4,0.9861124157905579,0.6	7,0.9832550287246704,0.54	5,0.9673203229904175,0.61	6,0.9522044658660889,0.62	
85149
3,1.271045446395874,0.8125	4,1.1114614009857178,0.8125	5,1.0504332780838013,0.8125	0,0.8921763896942139,0.8125	2,0.8757642507553101,0.8125	1,0.7526930570602417,0.8125	
8504403
3,0.4024439752101898,0.9375	4,0.37633687257766724,0.9375	5,0.3405478894710541,0.9375	0,0.27078190445899963,0.9375	2,0.24579334259033203,0.9375	1,0.19512788951396942,0.9375	
8535
3,1.763765573501587,0.4811320754716981	4,1.5356574058532715,0.5094339622641509	5,1.4908998012542725,0.5566037735849056	6,1.4615546464920044,0.5283018867924528	0,1.3409271240234375,0.5377358490566038	2,1.3131016492843628,0.5471698113207547	1,1.2968100309371948,0.5377358490566038	
902219
3,0.7641518115997314,0.734375	4,0.7604807615280151,0.734375	5,0.7168024182319641,0.75	6,0.7053815126419067,0.765625	2,0.6285176873207092,0.78125	0,0.6260864734649658,0.78125	1,0.6210299730300903,0.78125	
90149
3,0.5547947883605957,0.90625	4,0.47095364332199097,0.90625	5,0.4668949842453003,0.90625	2,0.3642421066761017,0.90625	0,0.3614038825035095,0.90625	1,0.3106526732444763,0.90625	
84596
5,1.4374170303344727,0.5	6,1.42406165599823,0.5	4,1.1443575620651245,0.5	8,1.110696792602539,0.5	7,1.1081280708312988,0.5	3,0.9328272342681885,0.5	0,0.9265007972717285,0.5	2,0.838729202747345,0.5625	1,0.8076335191726685,0.5625	
84775
4,0.6937439441680908,0.5625	3,0.6662243008613586,0.59375	6,0.6000233888626099,0.59375	5,0.5989253520965576,0.59375	0,0.5703479647636414,0.59375	2,0.5654284954071045,0.625	1,0.5526880025863647,0.625	
85142
4,0.8491522669792175,0.875	5,0.8214626312255859,0.875	6,0.8210020065307617,0.875	0,0.6591116189956665,0.875	3,0.6057450175285339,0.875	1,0.5802613496780396,0.875	2,0.5713827610015869,0.875	
85329
1,0.048086412250995636,1.0	2,0.045902594923973083,1.0	3,0.03655815124511719,1.0	0,0.022305548191070557,1.0	4,0.016850009560585022,1.0	5,0.016221389174461365,1.0	
8517622
5,0.40254324674606323,0.948051948051948	3,0.3965173661708832,0.948051948051948	4,0.3733697831630707,0.948051948051948	6,0.3631255626678467,0.948051948051948	2,0.33068346977233887,0.948051948051948	0,0.3296199440956116,0.948051948051948	7,0.31655919551849365,0.948051948051948	1,0.30887025594711304,0.948051948051948	
84322
3,1.6336596012115479,0.75	4,1.6084215641021729,0.75	5,1.5265108346939087,0.75	0,1.1245620250701904,0.75	2,1.0582354068756104,0.75	1,0.8664776086807251,0.75	
90281
4,0.642423689365387,0.875	5,0.6361460089683533,0.875	0,0.5454695224761963,0.875	2,0.5178085565567017,0.875	1,0.4825078845024109,0.875	3,0.4650891423225403,0.875	
8517621
4,0.7005729675292969,0.75	5,0.6865279078483582,0.75	6,0.6830254793167114,0.75	0,0.6551194787025452,0.75	3,0.6533603668212891,0.75	1,0.5086987614631653,0.75	2,0.5047392845153809,0.75	
844339
4,2.1471810340881348,0.375	6,2.0521702766418457,0.375	5,2.037693977355957,0.375	0,1.9191521406173706,0.375	1,1.733236312866211,0.375	2,1.6761164665222168,0.375	3,1.5765007734298706,0.5	
90131
2,0.11465224623680115,1.0	1,0.1033073365688324,1.0	5,0.048616230487823486,1.0	3,0.045287132263183594,1.0	4,0.041683197021484375,1.0	0,0.03568887710571289,1.0	
84179
1,0.960679292678833,0.875	2,0.8952171802520752,0.875	0,0.8256193995475769,0.875	3,0.808423638343811,0.875	5,0.7966561317443848,0.875	4,0.7910858988761902,0.875	
8525803
3,1.3039382696151733,0.375	5,1.0208073854446411,0.5625	2,0.9699290990829468,0.5625	6,0.9206517934799194,0.5625	1,0.864932656288147,0.5625	0,0.8634301424026489,0.5625	4,0.822041392326355,0.6875	
84223
3,1.0707857608795166,0.6526315789473685	1,0.9763690233230591,0.7157894736842105	4,0.9211491346359253,0.6526315789473685	2,0.9120628237724304,0.6947368421052632	5,0.8974074125289917,0.6631578947368421	0,0.8924931883811951,0.6947368421052632	
85258011
4,0.04323255643248558,0.9846153846153847	3,0.030865294858813286,0.9846153846153847	6,0.03047971986234188,0.9846153846153847	5,0.02956848219037056,0.9846153846153847	2,0.023453239351511,0.9846153846153847	0,0.02277277410030365,0.9846153846153847	1,0.020019616931676865,0.9846153846153847	
85163
3,3.158114194869995,0.5625	2,2.8982226848602295,0.5625	6,2.8244545459747314,0.5625	0,2.743265390396118,0.5625	5,2.7113606929779053,0.5625	8,2.6982412338256836,0.6875	1,2.6040985584259033,0.5625	7,2.126812696456909,0.6875	4,1.5315163135528564,0.5625	
85181
0,0.19547110795974731,0.9791666666666666	1,0.1194063052535057,0.9895833333333334	2,0.0016251554479822516,1.0	3,0.0,1.0	4,0.0,1.0	
84624
5,1.7562886476516724,0.3125	7,1.7529168128967285,0.3125	6,1.7521142959594727,0.3125	4,1.7341861724853516,0.3125	3,1.7102587223052979,0.3125	0,1.5587327480316162,0.375	2,1.542671799659729,0.375	1,1.4624487161636353,0.375	
84769
5,1.5993106365203857,0.75	4,1.5853182077407837,0.75	0,1.2232500314712524,0.75	3,1.0956916809082031,0.75	1,0.9440048933029175,0.75	2,0.9318457841873169,0.75	
84521
3,0.9889277219772339,0.875	6,0.5853503346443176,0.875	0,0.4457179605960846,0.875	2,0.43756425380706787,0.875	1,0.3654657006263733,0.875	5,0.30020686984062195,0.875	4,0.11704248189926147,0.875	
84199
3,0.3169330954551697,0.9608938547486033	4,0.09725368022918701,0.9776536312849162	5,0.06719707697629929,0.994413407821229	0,0.05929674208164215,0.994413407821229	1,0.05380002781748772,0.994413407821229	2,0.048582177609205246,0.994413407821229	
84512
4,0.9185491800308228,0.84375	5,0.8991943597793579,0.84375	3,0.8860019445419312,0.84375	6,0.8800317645072937,0.84375	2,0.6638369560241699,0.84375	0,0.643805980682373,0.84375	1,0.46770185232162476,0.84375	
842382
5,1.1520278453826904,0.75	7,1.1009373664855957,0.75	6,1.0962698459625244,0.75	4,1.0268052816390991,0.75	3,1.0037007331848145,0.75	0,0.9604203104972839,0.75	2,0.9382817149162292,0.75	1,0.8983908295631409,0.75	
85159
3,0.19819678366184235,0.96875	5,0.18386897444725037,0.96875	6,0.18323689699172974,0.96875	4,0.17789813876152039,0.96875	2,0.1612928956747055,0.96875	0,0.15757158398628235,0.96875	1,0.14992013573646545,0.96875	
8423819
5,1.2060332298278809,0.625	6,1.2019704580307007,0.625	7,1.1644467115402222,0.625	3,1.1498585939407349,0.625	4,1.0906386375427246,0.625	0,1.019252896308899,0.625	2,1.0070528984069824,0.625	1,0.9416141510009766,0.625	
84743
3,1.2534363269805908,0.75	4,1.2266381978988647,0.75	5,1.1474981307983398,0.75	0,0.8601288199424744,0.75	2,0.8240789175033569,0.75	1,0.6900727152824402,0.75	
84324
4,1.1993311643600464,0.875	5,1.179725170135498,0.875	3,0.8696268796920776,0.875	0,0.8075627088546753,0.875	2,0.802107572555542,0.875	1,0.7331453561782837,0.875	
84362
1,0.060676150023937225,1.0	2,0.03604022413492203,1.0	0,0.03564630448818207,1.0	4,0.013486295938491821,1.0	5,0.013405412435531616,1.0	3,0.007550433278083801,1.0	
84368
5,0.5678095817565918,0.9375	4,0.5615361332893372,0.9375	3,0.5228198170661926,0.9375	0,0.4742273688316345,0.9375	2,0.40322232246398926,0.9375	1,0.3949488699436188,0.9375	
84671
5,2.1457595825195312,0.47368421052631576	6,2.102189540863037,0.47368421052631576	4,1.7756332159042358,0.47368421052631576	0,1.6950435638427734,0.4842105263157895	3,1.4861915111541748,0.45263157894736844	2,1.347923994064331,0.47368421052631576	1,1.3446320295333862,0.5157894736842106	
84232
3,0.5665349364280701,0.25	2,0.5002769231796265,0.75	1,0.49952393770217896,0.75	0,0.49403947591781616,0.5	6,0.47689321637153625,0.75	5,0.4749101400375366,0.75	4,0.4283348321914673,1.0	
84518
3,1.6503386497497559,0.625	5,1.4435381889343262,0.625	4,1.4280511140823364,0.625	2,1.3077162504196167,0.625	0,1.30066978931427,0.625	1,1.2582364082336426,0.625	
84734
4,0.7348745465278625,0.71875	3,0.7230126261711121,0.71875	5,0.7100347876548767,0.71875	0,0.6846529841423035,0.75	2,0.6106178164482117,0.71875	1,0.6043639779090881,0.75	
84209
4,1.0325871706008911,0.6875	5,1.0019711256027222,0.6875	3,0.9300168752670288,0.6875	0,0.7884699702262878,0.6875	2,0.6365609765052795,0.6875	1,0.6222905516624451,0.71875	
85141
4,0.3225177824497223,0.9540229885057471	6,0.31142157316207886,0.9540229885057471	5,0.3072410821914673,0.9540229885057471	3,0.2805294394493103,0.9540229885057471	0,0.2390516698360443,0.9540229885057471	2,0.20426766574382782,0.9540229885057471	1,0.18607565760612488,0.9540229885057471	
84593
3,1.0500613451004028,0.0	5,1.0369751453399658,0.0	6,1.009644865989685,0.0	7,0.9921411275863647,0.0	4,0.9444509744644165,0.0	2,0.900139331817627,0.0	0,0.8641966581344604,0.0	1,0.8215479850769043,0.0	
84602
6,2.0433993339538574,0.3125	3,2.0210182666778564,0.5	5,1.9499642848968506,0.40625	4,1.9352232217788696,0.46875	7,1.921312689781189,0.46875	8,1.8940374851226807,0.46875	2,1.8899062871932983,0.5	0,1.8842955827713013,0.46875	1,1.8690105676651,0.4375	
84773
3,1.645540714263916,0.625	6,1.6000616550445557,0.5	5,1.5968847274780273,0.625	4,1.5291547775268555,0.625	0,1.4611306190490723,0.5	1,1.4077130556106567,0.5	2,1.404642105102539,0.5	
843359
3,1.0256284475326538,0.6875	5,0.7808934450149536,0.8125	6,0.7652915120124817,0.8125	4,0.7391647100448608,0.6875	0,0.6246343851089478,0.8125	2,0.512639045715332,0.8125	1,0.4940641522407532,0.8125	
85299042
3,0.8195679187774658,0.6458333333333334	2,0.10043500363826752,0.9895833333333334	1,0.09956870973110199,0.9895833333333334	0,0.09503548592329025,0.9895833333333334	6,0.06846350431442261,0.9895833333333334	5,0.047469865530729294,0.9895833333333334	4,0.04690591245889664,0.96875	7,0.00044145004358142614,1.0	8,0.00041385003714822233,1.0	
852721
4,2.246675968170166,0.625	3,2.097229480743408,0.625	6,2.053969144821167,0.625	7,2.0399675369262695,0.625	2,1.8679101467132568,0.625	0,1.8498328924179077,0.625	1,1.7624549865722656,0.625	5,0.7792004346847534,0.625	
84752
3,1.106456995010376,0.75	4,1.049356460571289,0.75	5,1.0440287590026855,0.75	0,0.8858891129493713,0.75	1,0.8759651184082031,0.75	2,0.8657744526863098,0.75	
84331
3,1.9361064434051514,0.25	4,1.2194442749023438,0.375	7,1.1449251174926758,0.375	5,1.1284549236297607,0.375	6,1.0732074975967407,0.375	0,0.9323753714561462,0.375	2,0.9048551321029663,0.375	1,0.8192480802536011,0.375	
84603
4,0.5370491743087769,0.8125	3,0.4668743312358856,0.8125	5,0.4541202783584595,0.8125	6,0.42355602979660034,0.8125	0,0.3369799852371216,0.8125	2,0.29724806547164917,0.8125	1,0.28875380754470825,0.8125	
84861
4,1.2185583114624023,0.59375	3,1.1040940284729004,0.6875	5,1.0919301509857178,0.59375	2,1.0779531002044678,0.65625	1,1.0761479139328003,0.75	6,1.0688408613204956,0.625	0,1.0640860795974731,0.625	
84619
1,0.030036315321922302,1.0	2,0.02485707402229309,1.0	0,0.015231296420097351,1.0	3,0.010476082563400269,1.0	4,0.0070296525955200195,1.0	6,0.005395621061325073,1.0	7,0.005384474992752075,1.0	5,0.0051715075969696045,1.0	
85333
1,0.0073288679122924805,1.0	2,0.0032425522804260254,1.0	0,0.0024964511394500732,1.0	4,0.0008011162281036377,1.0	3,0.000742793083190918,1.0	5,0.000606149435043335,1.0	6,0.0005685389041900635,1.0	
84182
7,1.009878396987915,0.75	6,0.9896210432052612,0.75	5,0.9609211683273315,0.75	0,0.8509114980697632,0.75	3,0.8436983823776245,0.75	4,0.8329370021820068,0.75	2,0.8054713010787964,0.75	1,0.7526379823684692,0.75	
84529
3,1.1800198554992676,0.59375	4,1.1290854215621948,0.625	5,1.084122896194458,0.6875	0,1.0762546062469482,0.6875	2,0.996176540851593,0.6875	1,0.9620436429977417,0.6875	
90142
3,1.2702710628509521,0.5625	4,1.0010137557983398,0.8125	1,0.9434220790863037,0.8125	0,0.9251556992530823,0.8125	5,0.9071832299232483,0.8125	2,0.8655855655670166,0.8125	
84732
4,0.35815155506134033,0.9375	3,0.3562402129173279,0.9375	5,0.34804075956344604,0.9375	2,0.31683820486068726,0.9375	0,0.3163602948188782,0.9375	1,0.268440306186676,0.9375	
90089
1,0.009312212467193604,1.0	2,0.006477132439613342,1.0	0,0.0034201592206954956,1.0	3,0.002090632915496826,1.0	4,0.0011659562587738037,1.0	5,0.001138538122177124,1.0	
90079
3,1.5444631576538086,0.59375	5,1.0113866329193115,0.8125	4,1.009953260421753,0.84375	2,0.9265725612640381,0.75	0,0.8149948716163635,0.84375	1,0.6878767609596252,0.84375	
84759
3,0.5722947120666504,0.875	4,0.3855218291282654,0.875	5,0.35362106561660767,0.875	2,0.33802980184555054,0.875	0,0.288577139377594,0.875	1,0.2612217664718628,0.875	
90283
1,1.3087852001190186,0.5	2,1.2731393575668335,0.5	0,1.238816738128662,0.5	3,1.1979475021362305,0.5	6,1.151948094367981,0.375	5,1.1484462022781372,0.5	4,1.1234304904937744,0.75	
84423
3,0.9469661116600037,0.6875	4,0.9362146854400635,0.6875	6,0.9208848476409912,0.6875	5,0.912356436252594,0.6875	2,0.8680405020713806,0.6875	0,0.8607857823371887,0.6875	1,0.8567202687263489,0.6875	
84471
3,0.7061229944229126,0.5	2,0.36491766571998596,0.75	4,0.2757110595703125,0.875	1,0.2567818760871887,0.875	0,0.24964463710784912,0.875	5,0.24697817862033844,0.875	
853932
4,0.8824180960655212,0.6875	5,0.855331540107727,0.6875	6,0.8386598825454712,0.6875	3,0.7726644277572632,0.6875	0,0.7499019503593445,0.625	2,0.7218950986862183,0.6875	1,0.7182530760765076,0.625	
84323
4,2.0008320808410645,0.5	3,1.9664335250854492,0.5	5,1.9515540599822998,0.5	0,1.8093739748001099,0.5	1,1.7664272785186768,0.5	2,1.7659213542938232,0.5	
84543
1,0.4884565472602844,0.75	0,0.45901983976364136,0.75	2,0.4535260498523712,0.875	5,0.43099549412727356,0.75	4,0.43072378635406494,0.75	3,0.4008203148841858,0.875	
85167
3,1.1793715953826904,0.46875	4,1.1224329471588135,0.53125	5,1.0726003646850586,0.65625	6,0.999556839466095,0.625	2,0.936307430267334,0.6875	0,0.9275783896446228,0.6875	1,0.91754150390625,0.6875	
84111
4,1.5829344987869263,0.25	2,1.5752097368240356,0.25	1,1.5745211839675903,0.25	6,1.5628496408462524,0.25	5,1.5623029470443726,0.25	0,1.5308830738067627,0.25	3,1.1329433917999268,0.0	
84601
4,1.3320391178131104,0.375	3,1.273569107055664,0.375	7,1.2345962524414062,0.4375	6,1.2029781341552734,0.4375	5,1.1832146644592285,0.4375	0,1.0471209287643433,0.5625	2,1.0026901960372925,0.5	1,0.9678366780281067,0.625	
84742
4,0.3015602231025696,0.9375	5,0.29185760021209717,0.9375	6,0.29064100980758667,0.9375	3,0.26794299483299255,0.9375	1,0.26042982935905457,0.9375	0,0.25937914848327637,0.9375	2,0.24929800629615784,0.9375	
851519
3,0.947668194770813,0.625	6,0.6395562887191772,0.75	7,0.6382236480712891,0.75	5,0.6166965365409851,0.75	0,0.5947936773300171,0.75	2,0.5609210729598999,0.75	4,0.5607447028160095,0.75	1,0.5541655421257019,0.75	
84193
3,0.8388738632202148,0.828125	4,0.8236510753631592,0.828125	5,0.7728910446166992,0.828125	6,0.7448996305465698,0.828125	2,0.6789089441299438,0.828125	0,0.6759874224662781,0.828125	1,0.6667265892028809,0.84375	
84079
7,1.2705854177474976,0.59375	6,1.1716792583465576,0.75	5,1.1342353820800781,0.75	3,0.9737069606781006,0.625	4,0.9707151055335999,0.75	2,0.8586646318435669,0.75	0,0.8402329683303833,0.75	1,0.723666787147522,0.75	
84303
5,2.4737539291381836,0.75	4,2.2957825660705566,0.75	3,1.962928056716919,0.75	0,1.7635343074798584,0.75	2,1.6442452669143677,0.75	1,1.28220796585083,0.75	
84592
5,0.49505162239074707,0.875	6,0.43043890595436096,0.875	4,0.4252696931362152,0.875	7,0.4190242886543274,0.875	3,0.39283597469329834,0.875	2,0.3504539728164673,0.875	0,0.320281982421875,0.875	1,0.3058505654335022,0.875	
8446
4,1.9362379312515259,0.125	3,1.5174554586410522,0.4375	5,1.4531015157699585,0.4375	6,1.4463986158370972,0.4375	7,1.415427803993225,0.4375	0,1.3439416885375977,0.4375	2,1.3249841928482056,0.4375	1,1.2804335355758667,0.625	
85162
3,1.0344280004501343,0.6875	4,1.0165046453475952,0.6875	5,0.9665233492851257,0.6875	6,0.9582446217536926,0.6875	2,0.8916323184967041,0.75	0,0.8812161087989807,0.75	1,0.8708269596099854,0.75	
84071
1,0.0672912448644638,1.0	0,0.03440329432487488,1.0	2,0.029332518577575684,1.0	3,0.008323639631271362,1.0	6,0.006067037582397461,1.0	7,0.006065040826797485,1.0	5,0.0051316022872924805,1.0	4,0.004789769649505615,1.0	
8426
4,2.8804492950439453,0.25	5,2.7824506759643555,0.3125	6,2.781014919281006,0.3125	3,2.7033276557922363,0.25	0,2.4593911170959473,0.3125	2,2.331604480743408,0.3125	1,2.311659336090088,0.25	
85152
4,1.0486172437667847,0.625	5,1.011019229888916,0.625	6,1.0038743019104004,0.625	3,0.9974380731582642,0.625	0,0.9874038696289062,0.5	2,0.9726552367210388,0.5	1,0.9706632494926453,0.5	
84772
3,0.4172549545764923,0.875	4,0.4090966284275055,0.875	6,0.36949217319488525,0.875	5,0.36576128005981445,0.875	2,0.3239160180091858,0.875	0,0.3090733587741852,0.875	1,0.2985066771507263,0.875	
843351
3,0.08051394671201706,1.0	1,0.07321745157241821,1.0	2,0.06073242425918579,1.0	0,0.049323052167892456,1.0	4,0.03247661143541336,1.0	6,0.02551056444644928,1.0	5,0.025323793292045593,1.0	
84401
5,0.6412487030029297,0.875	3,0.6001547574996948,0.875	4,0.5628857612609863,0.875	0,0.5535694360733032,0.875	1,0.5242789387702942,0.875	2,0.5090019702911377,0.875	
84336
4,1.0018651485443115,0.25	5,0.956474781036377,0.25	0,0.8969262838363647,0.25	1,0.886107325553894,0.25	3,0.7718490958213806,0.0	2,0.687092125415802,0.5	
84178
3,0.42708155512809753,0.875	4,0.37972208857536316,0.875	2,0.3773731291294098,0.875	0,0.372926265001297,0.875	1,0.3726389408111572,0.875	6,0.36535030603408813,0.875	5,0.30917587876319885,0.875	
85219
4,1.6453391313552856,0.375	3,1.3531103134155273,0.5	5,1.1290472745895386,0.75	6,1.0669066905975342,0.75	0,0.8888206481933594,0.75	2,0.8830713033676147,0.75	1,0.7577532529830933,0.75	
84371
4,1.4655650854110718,0.25	5,1.4051071405410767,0.25	3,1.2707701921463013,0.0	0,1.2554136514663696,0.25	2,1.0791728496551514,0.0	1,0.9533119201660156,0.25	
90148
1,0.11407853662967682,1.0	2,0.08529302477836609,1.0	0,0.07877287268638611,1.0	3,0.041349269449710846,1.0	5,0.031236205250024796,1.0	6,0.030954115092754364,1.0	4,0.028790224343538284,1.0	
84118
5,3.770247459411621,0.5	4,3.685199499130249,0.5	6,3.663456916809082,0.5	0,3.33219313621521,0.5	1,3.1333630084991455,0.5	2,2.983187198638916,0.5	3,1.3280526399612427,0.5	
90105
4,1.7412662506103516,0.25	6,1.7199740409851074,0.25	5,1.7176698446273804,0.25	3,1.6508946418762207,0.25	0,1.252967119216919,0.25	2,1.20051109790802,0.25	1,1.0908243656158447,0.25	
85279
4,1.9852491617202759,0.4375	5,1.9142322540283203,0.4375	3,1.91359543800354,0.4375	0,1.3992491960525513,0.4375	2,1.3667415380477905,0.4375	1,1.133359432220459,0.4375	
84244
4,2.320512294769287,0.5	5,2.244905948638916,0.5	6,2.2380480766296387,0.5	3,1.859445333480835,0.5	0,1.598703145980835,0.5	2,1.2751752138137817,0.5	1,1.2065131664276123,0.5	
84328
1,0.012294292449951172,1.0	0,0.007531642913818359,1.0	2,0.006661593914031982,1.0	3,0.004026651382446289,1.0	4,0.0020350217819213867,1.0	5,0.00200498104095459,1.0	
844319
3,1.102493166923523,0.625	6,1.0956789255142212,0.625	4,1.0750164985656738,0.625	8,1.070953369140625,0.625	5,1.0696580410003662,0.625	0,1.068490743637085,0.625	7,1.0615015029907227,0.625	1,1.0500233173370361,0.625	2,1.0407178401947021,0.625	
8444
4,1.8856918811798096,0.0	3,1.8226944208145142,0.25	5,1.7883800268173218,0.25	0,1.626023292541504,0.25	1,1.4325356483459473,0.5	2,1.4072760343551636,0.0	
84774
3,1.3396973609924316,0.625	4,1.3165383338928223,0.625	6,1.2891621589660645,0.625	5,1.2656621932983398,0.625	0,1.1503623723983765,0.625	2,1.1020106077194214,0.625	1,1.0644876956939697,0.625	
8502
3,1.895391821861267,0.3125	6,1.6259558200836182,0.375	4,1.5711427927017212,0.375	5,1.5657157897949219,0.375	2,1.4619476795196533,0.375	0,1.445107340812683,0.375	1,1.2804940938949585,0.4375	
90058
3,0.5577918291091919,0.875	2,0.07425898313522339,1.0	1,0.0731494277715683,1.0	4,0.05372197553515434,1.0	0,0.036512844264507294,1.0	5,0.03412323817610741,1.0	
84183
4,0.41473591327667236,0.875	6,0.3805883228778839,0.875	7,0.3800368010997772,0.875	5,0.37942075729370117,0.875	3,0.35409367084503174,0.875	0,0.3288972079753876,0.875	2,0.312555193901062,0.875	1,0.3063099980354309,0.875	
841582
5,7.20817756652832,0.25	6,7.184839248657227,0.25	7,7.175394058227539,0.25	0,6.655420303344727,0.25	1,6.071303367614746,0.25	2,5.283547401428223,0.25	4,5.134289264678955,0.25	3,4.255770683288574,0.25	
842389
6,0.690425455570221,0.25	1,0.6029297113418579,0.5	0,0.587037205696106,0.5	7,0.584686815738678,0.5	5,0.5825650691986084,0.5	2,0.5818853378295898,0.5	3,0.554938554763794,0.5	4,0.4237412214279175,1.0	
8531801
1,0.06159702688455582,1.0	2,0.03647325932979584,1.0	0,0.03205520659685135,1.0	3,0.006096065044403076,1.0	6,0.004803970456123352,1.0	5,0.00427621603012085,1.0	4,0.003682732582092285,1.0	
84146
3,1.562937617301941,0.375	4,1.5154320001602173,0.375	5,1.4746102094650269,0.375	2,1.3055261373519897,0.375	0,1.2811073064804077,0.375	1,1.208802580833435,0.375	
8523292
1,0.007033556699752808,1.0	2,0.003766387701034546,1.0	0,0.0032492876052856445,1.0	4,0.001570671796798706,1.0	3,0.00114479660987854,1.0	8,0.0005471110343933105,1.0	7,0.000505983829498291,1.0	6,0.00044730305671691895,1.0	5,0.0004233121871948242,1.0	
852359
3,0.7585979700088501,0.5	4,0.5132792592048645,0.75	6,0.3741757571697235,0.75	5,0.3723294138908386,0.75	0,0.2563909888267517,1.0	2,0.24900424480438232,0.75	1,0.2274162322282791,1.0	
84286
0,9.5367431640625e-07,1.0	7,9.5367431640625e-07,1.0	3,7.62939453125e-06,1.0	2,2.86102294921875e-06,1.0	6,2.86102294921875e-06,1.0	1,1.9073486328125e-06,1.0	5,1.6689300537109375e-05,1.0	4,0.0017352104187011719,1.0	
84748
4,1.3719933032989502,0.5	5,1.3231337070465088,0.5	6,1.3119919300079346,0.5	3,1.239945888519287,0.5	0,1.1432143449783325,0.5	2,1.1013225317001343,0.5	1,1.088521957397461,0.5	
84682
6,1.1597857475280762,0.5	5,1.080594778060913,0.5	3,1.0367809534072876,0.5	4,0.9658147692680359,0.5	2,0.9313479661941528,0.5	0,0.8247976303100586,0.5	1,0.7855960130691528,0.5	
84021
1,0.18124538660049438,1.0	0,0.10001787543296814,1.0	2,0.08798584342002869,1.0	5,0.037447988986968994,1.0	4,0.033548712730407715,1.0	6,0.03351128101348877,1.0	7,0.03218895196914673,1.0	3,0.0308724045753479,1.0	
85271
0,0.4828578531742096,0.75	4,0.3752404451370239,0.75	1,0.37450313568115234,0.75	7,0.3646738529205322,0.75	6,0.3522478938102722,0.75	5,0.34044137597084045,0.75	2,0.21319891512393951,1.0	3,0.13545463979244232,1.0	
84369
3,0.9887953996658325,0.5	5,0.7288249731063843,0.5	4,0.7125250101089478,0.5	0,0.6091994047164917,0.625	1,0.5625920295715332,0.75	2,0.5507497787475586,0.75	
8472902
3,0.5168061852455139,0.875	4,0.41866034269332886,0.875	5,0.4172290861606598,0.875	0,0.34893661737442017,0.875	2,0.33466267585754395,0.875	1,0.3253033757209778,0.875	
900659
6,9.5367431640625e-07,1.0	1,6.198883056640625e-06,1.0	2,6.198883056640625e-06,1.0	0,3.814697265625e-06,1.0	5,1.9073486328125e-06,1.0	3,1.7642974853515625e-05,1.0	4,0.004917621612548828,1.0	
84418
2,0.06758341193199158,1.0	1,0.05998489260673523,1.0	0,0.018723785877227783,1.0	3,0.004973113536834717,1.0	5,0.00403982400894165,1.0	4,0.0029852986335754395,1.0	
84472
3,0.37543269991874695,0.875	4,0.14688339829444885,0.875	1,0.1433108150959015,1.0	0,0.12276150286197662,1.0	2,0.11965955793857574,1.0	6,0.08304817974567413,1.0	5,0.08041734993457794,1.0	
84068
1,0.09561353921890259,1.0	0,0.07358336448669434,1.0	2,0.057477474212646484,1.0	3,0.026813983917236328,1.0	4,0.01620197296142578,1.0	5,0.015959501266479492,1.0	6,0.01037895679473877,1.0	
84552
1,1.359769582748413,0.5	0,1.3571416139602661,0.5	3,1.3309392929077148,0.5	5,1.2936009168624878,0.5	6,1.2935113906860352,0.5	4,1.274200677871704,0.5	2,1.2534677982330322,0.5	
84594
3,1.554334044456482,0.5	6,1.548351526260376,0.5	7,1.5450172424316406,0.5	5,1.5390703678131104,0.5	4,1.2792012691497803,0.5	2,1.1030627489089966,0.5	0,1.0751298666000366,0.5	1,0.9156227111816406,0.5	
85041
3,1.5127578973770142,0.75	4,1.2589229345321655,0.75	5,1.2484331130981445,0.75	2,0.9901430606842041,0.75	0,0.9310219883918762,0.75	1,0.8970975279808044,0.75	
84768
4,0.14050555229187012,1.0	1,0.002910137176513672,1.0	0,0.002197742462158203,1.0	2,0.001438140869140625,1.0	5,0.0010104179382324219,1.0	6,0.0006508827209472656,1.0	3,0.00044155120849609375,1.0	
84291
6,0.004690408706665039,1.0	2,0.003305196762084961,1.0	1,0.0026460886001586914,1.0	5,0.0015048980712890625,1.0	3,0.0013604164123535156,1.0	0,0.001352071762084961,1.0	4,0.0004968643188476562,1.0	7,0.0004525184631347656,1.0	8,0.0004329681396484375,1.0	
84623
6,2.0151820182800293,0.375	7,2.0044608116149902,0.375	3,1.9819872379302979,0.375	4,1.9589706659317017,0.375	5,1.9584851264953613,0.375	0,1.7688653469085693,0.375	2,1.7055463790893555,0.375	1,1.6679567098617554,0.375	
84595
4,1.7009321451187134,0.75	8,1.6908901929855347,0.75	7,1.6871411800384521,0.75	3,1.4587088823318481,0.75	5,1.4476754665374756,0.75	0,1.4173346757888794,0.75	1,1.2484620809555054,0.75	2,1.2249699831008911,0.75	6,1.1059755086898804,0.75	
84013
3,0.15984010696411133,1.0	1,0.06653761863708496,1.0	2,0.05949366092681885,1.0	0,0.049722909927368164,1.0	5,0.042070627212524414,1.0	4,0.04183506965637207,1.0	
84479
3,1.3743544816970825,0.5	4,1.1113922595977783,0.5	5,1.0896806716918945,0.5	0,0.9277529716491699,0.75	2,0.9001502990722656,0.75	1,0.8751723170280457,0.75	
84306
3,0.5874196887016296,0.75	1,0.543881893157959,0.75	2,0.5103580951690674,0.75	0,0.505272388458252,0.75	4,0.5018631219863892,0.75	7,0.4622965157032013,0.75	6,0.4614326059818268,0.75	5,0.35090187191963196,1.0	
84424
3,0.11069244146347046,1.0	1,0.06676745414733887,1.0	2,0.057350993156433105,1.0	0,0.051581740379333496,1.0	4,0.029653966426849365,1.0	5,0.028091847896575928,1.0	
85078
1,0.022109270095825195,1.0	2,0.020133018493652344,1.0	8,0.018350839614868164,1.0	0,0.015359282493591309,1.0	3,0.01463162899017334,1.0	7,0.010265588760375977,1.0	4,0.005003213882446289,1.0	5,0.005003213882446289,1.0	6,0.005003213882446289,1.0	9,0.0048563480377197266,1.0	
8423309
1,0.017737090587615967,1.0	2,0.010142892599105835,1.0	0,0.009317398071289062,1.0	3,0.006494075059890747,1.0	4,0.004175394773483276,1.0	5,0.002813190221786499,1.0	6,0.002802819013595581,1.0	
90072
4,0.8024783730506897,0.75	5,0.7695301175117493,0.75	6,0.7473278045654297,0.75	3,0.7069926857948303,0.75	2,0.608072817325592,0.75	0,0.5364147424697876,0.75	1,0.5139025449752808,0.75	
841581
7,5.466763973236084,0.25	6,5.328202247619629,0.25	0,4.944608211517334,0.25	5,4.809383392333984,0.25	1,4.6613945960998535,0.25	2,4.19984245300293,0.25	4,3.7949509620666504,0.25	3,2.7657532691955566,0.25	
85112
3,1.6805006265640259,0.5	5,1.5937771797180176,0.5	6,1.5038501024246216,0.5	4,1.2795906066894531,0.5	2,1.2654602527618408,0.5	0,1.2521402835845947,0.5	1,1.1365636587142944,0.5	
8523291
4,0.11735975742340088,1.0	1,0.07930329442024231,1.0	3,0.07648307085037231,1.0	2,0.07046112418174744,1.0	0,0.049549221992492676,1.0	7,0.042520225048065186,1.0	6,0.041448891162872314,1.0	5,0.04028552770614624,1.0	
843353
1,0.02504599094390869,1.0	0,0.015702486038208008,1.0	2,0.013086080551147461,1.0	3,0.009690284729003906,1.0	5,0.004542827606201172,1.0	6,0.004542827606201172,1.0	4,0.003216981887817383,1.0	
8528529
9,3.3489432334899902,0.0	7,3.3126628398895264,0.0	4,3.2087464332580566,0.0	8,3.1986405849456787,0.0	10,3.170645236968994,0.0	3,2.986959218978882,0.0	5,2.9342551231384277,0.0	0,2.880791664123535,0.0	1,2.540234327316284,0.0	2,2.3806982040405273,0.0	6,2.1415047645568848,0.0	
8419609
1,0.11009693145751953,1.0	2,0.054592251777648926,1.0	0,0.05002760887145996,1.0	3,0.019966304302215576,1.0	5,0.014880597591400146,1.0	4,0.01487112045288086,1.0	
8415102
5,9.560585021972656e-05,1.0	3,0.03368276357650757,1.0	2,0.008864998817443848,1.0	1,0.003302454948425293,1.0	0,0.0007660388946533203,1.0	4,0.0006215572357177734,1.0	7,0.0001590251922607422,1.0	6,0.0001556873321533203,1.0	